PID FID X1.413 X1.414 X1.415 X0.5874 X1.416 X0.5876 X0.5882 X0.5884 X1.417 X0.5909 X0.5912 X1.418 X0.5958 X0.5962 X1.419 X0.6016 X1.421 X0.6034 X0.6051 X0.6054 X1.422 X1.423 X0.6078 X1.429 X0.6104 X1.430 X2.47 X1.432 X0.6118 X0.6119 X2.48 X0.6122 X2.49 X0.6130 X0.6136 X2.50 X2.51 X1.437 X0.6148 X0.6155 X1.438 X0.6161 X0.6163 X1.441 X1.445 X2.52 X1.449
1 1 1 1 1 0 1 1 0 0 1 0 0 1 0 0 1 0 0 0 0 1 0 0 0 0 0 0 1 0 1 2 0 2 0 0 2 0 0 0 0 0 0 0 0 0 2 0 0
2 2 0 0 0 0 2 0 0 0 2 0 0 2 0 0 0 2 0 0 2 0 0 0 2 0 0 0 0 0 0 0 0 0 0 2 0 0 0 0 2 2 2 2 0 0 0 0 0
3 3 0 0 0 0 2 0 0 0 2 0 0 2 0 0 0 0 0 0 0 1 0 0 0 1 0 1 2 1 0 1 1 1 1 0 1 1 1 1 0 0 0 0 0 1 1 1 1
4 4 1 1 1 0 1 0 0 0 1 1 0 1 0 0 0 1 0 1 1 0 0 0 1 1 1 1 1 1 0 0 1 0 1 1 0 1 1 1 1 1 1 0 1 1 0 1 1
5 5 0 0 0 2 2 0 0 2 2 0 2 2 2 0 0 0 2 0 0 0 2 2 2 0 0 0 0 0 0 0 0 0 0 2 0 0 0 0 2 2 2 2 0 0 0 0 0
6 6 1 1 1 1 1 1 0 1 1 0 1 1 0 0 1 0 0 0 0 2 0 0 0 0 0 0 0 0 0 1 0 1 0 1 1 0 0 0 1 1 1 1 0 0 1 0 0
7 7 0 0 0 1 2 0 0 1 2 0 1 2 1 0 0 1 1 0 1 0 1 1 2 0 0 0 0 0 0 0 0 0 0 2 0 0 0 0 2 2 2 2 0 0 0 0 0
8 8 1 1 1 1 1 0 0 1 1 1 1 1 1 0 0 0 1 1 0 0 1 1 1 1 1 1 1 1 0 0 1 0 1 1 0 1 1 1 1 1 1 1 1 1 0 1 1
9 9 0 0 0 1 2 0 0 1 2 0 1 2 0 0 0 0 1 0 0 0 1 1 0 0 0 0 1 0 0 0 1 0 1 1 0 1 1 0 1 0 2 0 0 1 1 0 0
10 10 0 0 0 1 2 0 0 1 2 0 1 2 1 0 0 0 1 0 0 0 1 1 1 0 0 0 0 0 0 0 0 0 0 2 0 0 0 0 2 1 2 1 0 1 0 0 0
11 11 0 0 0 0 2 0 0 0 2 0 0 2 0 0 0 2 0 0 2 0 0 0 2 0 0 0 0 0 0 0 0 0 0 2 0 0 0 0 2 2 2 2 0 0 0 0 0
12 12 0 0 0 0 1 0 1 0 1 0 0 1 0 1 0 1 0 0 1 0 0 0 1 1 0 0 0 0 0 0 0 0 0 2 0 0 0 0 1 1 2 2 0 0 0 0 0
13 13 1 1 1 1 1 1 0 1 1 0 1 1 1 0 1 0 1 0 0 1 1 1 1 0 0 0 0 0 0 1 0 1 0 1 1 0 0 0 1 1 1 1 0 0 1 0 0
14 14 0 0 0 0 0 0 2 0 0 0 0 0 0 2 0 0 0 0 0 0 0 0 0 2 0 0 0 0 0 0 0 0 0 2 0 0 0 0 0 0 2 2 0 0 0 0 0
15 15 1 1 1 0 1 1 0 0 1 0 0 1 0 0 1 1 0 0 1 1 0 0 1 0 0 0 0 0 0 1 0 1 0 1 1 0 0 0 1 1 1 1 0 0 1 0 0
16 16 1 1 1 0 1 0 0 0 1 1 0 1 0 0 0 1 0 1 1 0 0 0 1 1 1 1 1 1 0 0 1 0 1 1 0 1 1 1 1 1 1 1 1 1 0 1 1
17 17 0 0 0 0 2 0 0 0 2 0 0 2 0 0 0 2 1 0 1 0 1 1 2 0 0 0 0 0 0 0 0 0 0 2 0 0 0 0 2 2 2 2 0 0 0 0 0
18 18 1 1 1 0 0 1 1 0 0 0 0 0 0 1 1 0 0 0 0 1 0 0 0 1 0 0 0 0 0 1 0 1 0 1 1 0 0 0 0 0 1 1 0 0 1 0 0
19 19 1 1 1 1 1 0 0 1 1 0 1 1 0 0 1 0 1 0 0 1 1 1 0 0 0 0 2 0 1 1 1 1 1 0 1 1 1 0 0 0 1 0 0 0 2 0 0
20 20 0 0 0 2 2 0 0 2 2 0 2 2 2 0 0 0 1 0 0 0 2 2 1 0 0 0 1 0 0 0 0 0 0 2 0 0 0 0 2 2 2 2 0 0 0 0 0
21 21 0 0 0 1 2 0 0 1 2 0 1 2 1 0 0 1 1 0 1 0 1 1 2 0 0 0 0 0 0 0 0 0 0 2 0 0 0 0 2 2 2 2 0 0 1 0 0
22 22 2 2 2 0 0 1 0 0 0 0 0 0 0 0 2 0 0 0 0 2 0 0 0 0 0 0 1 0 1 2 0 2 0 0 2 0 0 0 0 0 0 0 0 0 2 0 0
23 23 0 0 0 0 1 0 1 0 1 0 0 1 0 1 0 1 0 0 1 0 0 0 1 1 0 0 0 0 0 0 0 0 0 2 0 0 0 0 1 1 2 1 0 0 0 0 0
24 24 1 1 1 1 1 1 0 1 1 0 1 1 1 0 1 0 1 0 0 1 1 1 1 0 0 0 0 0 0 1 0 1 0 1 1 0 0 0 1 1 1 1 0 0 1 0 0
25 25 1 1 1 0 1 1 0 0 1 0 0 1 0 0 1 1 0 0 1 1 0 0 1 0 0 0 0 0 0 1 0 1 0 1 1 0 0 0 1 1 1 1 0 0 1 0 0
26 26 2 2 2 0 0 1 0 0 0 0 0 0 0 0 2 0 0 0 0 2 0 0 0 0 0 0 1 0 1 2 0 2 0 0 2 0 0 0 0 0 0 0 0 0 2 0 0
27 27 1 1 1 0 1 0 0 0 1 1 0 1 0 0 0 1 0 0 2 0 0 0 2 0 0 0 0 0 0 0 0 0 0 2 0 0 0 0 2 2 2 2 0 0 0 0 0
28 28 0 0 0 2 2 0 0 2 2 0 2 2 2 0 0 0 2 0 0 1 1 0 1 0 0 0 1 0 1 1 0 1 0 1 1 0 0 0 1 1 1 1 0 0 1 0 0
29 29 0 0 0 1 2 0 0 1 2 0 1 2 1 0 0 1 1 0 1 0 1 1 2 0 0 0 0 0 0 0 0 0 0 2 0 0 0 0 2 2 2 2 0 0 0 0 0
30 30 1 1 1 0 1 1 0 0 1 0 0 1 0 0 1 0 0 0 0 1 0 0 0 1 0 1 1 1 0 1 1 1 1 0 1 1 1 1 0 0 0 0 0 1 1 1 1
31 31 2 2 1 0 0 0 0 0 0 0 0 0 0 0 2 0 0 0 0 1 0 0 0 1 0 1 2 1 1 1 1 1 1 0 1 1 1 1 0 0 0 0 0 1 1 1 1
32 32 1 1 1 0 1 0 0 0 1 0 1 1 0 0 1 0 0 0 0 1 0 0 0 0 0 0 1 0 1 1 0 1 0 1 1 0 0 0 1 0 1 0 0 1 1 0 0
33 33 1 1 1 0 1 0 0 0 1 1 0 1 0 0 0 1 0 1 1 0 0 0 1 1 1 1 1 1 0 0 1 0 1 1 0 1 1 1 1 1 1 1 1 1 0 1 1
34 34 0 0 0 0 1 0 1 0 1 0 0 1 0 1 0 0 0 0 0 0 0 0 0 2 0 2 2 2 0 0 2 0 2 0 1 2 2 2 0 0 0 0 0 2 0 2 2
35 35 1 1 1 0 1 0 0 0 1 1 0 1 0 0 0 1 0 1 1 0 0 0 1 1 1 1 1 1 0 0 1 0 1 1 0 1 1 1 1 1 1 1 1 1 0 1 1
36 36 1 1 1 0 0 0 1 0 0 0 0 0 0 1 0 0 0 0 0 0 1 1 0 1 0 1 2 1 0 0 2 0 2 0 0 2 2 1 0 0 0 0 0 1 1 1 1
37 37 2 2 2 0 0 0 0 0 0 0 0 0 0 0 1 0 0 0 0 1 0 0 0 1 0 0 2 0 0 2 0 2 0 0 2 0 0 0 0 0 1 1 0 0 1 0 0
38 38 2 2 2 0 0 2 0 0 0 0 0 0 0 0 2 0 0 0 0 2 0 0 0 0 0 0 0 0 0 2 0 2 0 0 2 0 0 0 0 0 0 0 0 0 2 0 0
39 39 2 2 2 0 0 2 0 0 0 0 0 0 0 0 2 0 0 0 0 2 0 0 0 0 0 0 0 0 0 2 0 2 0 0 2 0 0 0 0 0 0 0 0 0 2 0 0
40 40 0 0 0 1 2 0 0 1 2 0 1 2 1 0 0 1 1 0 1 0 1 1 2 0 0 0 0 0 0 0 0 0 0 2 0 0 0 0 2 2 2 1 0 0 0 0 0
41 41 1 1 1 1 1 0 0 1 1 0 1 1 1 0 1 0 1 0 0 1 1 1 1 0 0 0 1 0 1 1 0 1 0 1 1 0 0 0 1 1 1 1 0 0 1 0 0
42 42 1 1 1 0 1 0 0 0 1 1 0 1 0 0 0 1 0 1 1 0 0 0 1 1 1 1 1 1 0 0 1 0 1 1 0 1 1 1 1 1 1 1 1 1 0 1 1
43 43 2 2 2 0 0 2 0 0 0 0 0 0 0 0 2 0 0 0 0 2 0 0 0 0 0 0 0 0 0 2 0 2 0 0 2 0 0 0 0 0 0 0 0 0 2 0 0
44 44 0 0 0 1 2 0 0 1 2 0 1 2 1 0 0 1 1 0 1 0 1 1 2 0 0 0 0 0 0 0 0 0 0 2 0 0 0 0 2 2 2 2 0 0 0 0 0
45 45 0 0 0 1 2 0 0 1 2 0 1 2 1 0 0 1 1 0 1 0 1 1 2 0 0 0 0 0 0 0 0 0 0 2 0 0 0 0 2 2 2 2 0 0 0 0 0
46 46 0 0 0 2 2 0 0 2 2 0 2 2 2 0 0 0 2 0 0 0 2 2 2 0 0 0 0 0 0 0 0 0 0 2 0 0 0 0 2 2 2 2 0 0 0 0 0
47 47 0 0 0 0 2 0 0 0 2 0 0 2 0 0 0 1 0 0 1 0 0 0 1 0 0 0 0 0 0 0 0 0 0 2 0 0 0 0 2 1 2 1 0 1 0 0 0
48 48 1 1 1 1 1 1 0 1 1 0 1 1 1 0 1 0 1 0 0 1 1 1 1 0 0 0 0 0 0 1 0 1 0 1 1 0 0 0 1 1 1 1 0 0 1 0 0
49 49 1 1 1 1 1 1 0 1 1 0 1 0 0 0 2 0 0 0 0 2 0 0 0 0 0 0 0 0 0 2 0 2 0 0 2 0 0 0 0 0 0 0 0 0 2 0 0
50 50 2 2 2 0 0 1 0 0 0 0 0 0 0 0 2 0 0 0 0 2 0 0 0 0 0 0 1 0 1 2 0 2 0 0 2 0 0 0 0 0 0 0 0 0 2 0 0
51 51 1 1 1 0 1 0 0 0 1 1 0 1 0 0 0 1 0 1 1 0 0 0 1 1 1 1 1 1 0 0 1 0 1 1 0 1 1 1 1 1 1 1 1 1 0 1 1
52 52 2 2 2 0 0 2 0 0 0 0 0 0 0 0 2 0 0 0 0 2 0 0 0 0 0 0 0 0 0 2 0 2 0 0 2 0 0 0 0 0 0 0 0 0 2 0 0
53 53 1 1 1 0 1 1 0 0 1 0 0 1 0 0 1 1 0 0 1 1 0 0 1 0 0 0 0 0 0 1 0 1 0 1 1 0 0 0 1 1 1 1 0 0 1 0 0
54 54 1 1 1 0 0 1 1 0 0 0 0 0 0 0 1 0 1 0 0 1 0 0 0 1 0 0 1 0 0 1 0 1 0 0 1 1 1 1 0 0 1 1 0 0 2 1 0
55 55 0 0 0 1 2 0 0 1 2 0 1 2 1 0 0 1 1 0 1 0 1 1 2 0 0 0 0 0 0 0 0 0 0 2 0 0 0 0 2 2 2 2 0 0 0 0 0
56 56 0 0 0 1 2 0 0 1 2 0 1 2 1 0 0 1 1 0 1 0 1 1 2 0 0 0 0 0 0 0 0 0 0 2 0 0 0 0 2 2 2 2 0 0 0 0 0
57 57 0 0 0 2 2 0 0 2 2 0 2 2 2 0 0 0 2 0 0 0 2 2 2 0 0 0 0 0 0 0 0 0 0 2 0 0 0 0 2 2 2 2 0 0 0 0 0
58 58 1 1 1 0 1 0 0 0 1 1 0 1 0 0 0 1 0 1 1 0 0 0 1 1 1 1 1 1 0 0 1 0 1 1 0 1 1 1 1 1 1 1 1 1 0 1 1
59 59 2 2 2 0 0 0 0 0 0 0 0 0 0 0 2 0 0 0 0 2 0 0 0 0 0 0 2 0 1 2 0 2 0 0 2 0 0 0 1 0 0 0 0 0 2 0 0
60 60 0 0 0 1 2 0 0 1 1 0 1 2 1 0 0 0 1 0 0 1 1 1 1 0 0 0 0 0 0 1 0 1 0 1 1 0 0 0 1 1 1 1 0 0 1 0 0
61 61 0 0 0 0 2 0 0 0 2 0 0 2 0 0 0 2 0 0 2 0 0 0 2 0 0 0 0 0 0 0 0 0 0 2 0 0 0 0 2 2 2 2 0 0 0 0 0
62 62 2 2 2 0 0 0 0 0 0 0 0 0 0 0 2 0 0 0 0 2 0 0 0 0 0 0 1 0 0 2 0 2 0 0 2 0 0 0 1 0 0 0 0 0 2 0 0
63 63 1 1 1 1 1 1 0 1 1 0 1 1 1 0 1 0 1 0 0 1 1 1 1 0 0 0 0 0 0 1 0 1 0 1 1 0 0 0 1 1 1 1 0 0 1 0 0
64 64 0 0 0 1 1 0 1 1 1 0 1 1 1 1 0 0 1 0 0 0 1 1 1 1 0 0 0 0 0 0 0 0 0 2 0 0 0 0 1 1 2 2 0 0 0 0 0
65 65 1 1 1 0 1 0 0 0 1 0 0 1 0 0 1 0 0 0 0 2 0 0 0 0 0 0 2 0 2 2 0 2 0 0 2 0 0 0 0 0 0 0 0 0 2 0 0
66 66 2 2 2 0 0 1 0 0 0 0 0 0 0 0 1 0 0 0 0 2 0 0 0 0 0 0 1 0 1 2 0 2 0 0 2 0 0 0 0 0 0 0 0 0 2 0 0
67 67 1 1 1 1 1 0 0 1 1 0 1 1 1 0 1 0 1 0 0 1 1 1 1 0 0 0 1 0 1 1 0 1 0 1 1 0 0 0 1 1 1 1 0 0 1 0 0
68 68 0 0 0 2 2 0 0 2 2 0 2 2 2 0 0 0 2 0 0 0 2 2 2 0 0 0 0 0 0 0 0 0 0 2 0 0 0 0 2 2 2 2 0 0 0 0 0
69 69 1 1 1 1 1 1 0 1 1 0 1 1 1 0 1 0 1 0 0 1 1 1 1 0 0 0 0 0 0 1 0 1 0 1 1 0 0 0 1 1 1 1 0 0 1 0 0
70 70 1 1 1 0 1 1 0 0 1 0 0 1 0 0 1 0 0 0 0 2 0 0 0 0 0 0 2 0 1 2 0 2 0 0 2 0 0 0 0 0 0 0 0 0 2 0 0
71 71 1 1 1 1 1 1 0 1 1 0 1 1 1 0 1 0 1 0 0 1 1 1 1 0 0 0 0 0 0 1 0 1 0 1 1 0 0 0 2 1 1 1 0 0 1 0 0
72 72 2 2 2 0 0 2 0 0 0 0 0 0 0 0 2 0 0 0 0 2 0 0 0 0 0 0 0 0 0 2 0 2 0 0 2 0 0 0 0 0 0 0 0 0 2 0 0
73 73 1 1 1 0 0 1 1 0 0 0 0 0 0 1 1 0 0 0 0 1 0 0 0 1 0 0 0 0 0 1 0 1 0 1 1 0 0 0 0 0 1 1 0 0 1 0 0
74 74 0 0 0 1 2 0 0 1 2 0 1 2 1 0 0 1 1 0 1 0 1 1 2 0 0 0 0 0 0 0 0 0 0 2 0 0 0 0 2 2 2 2 0 0 0 0 0
75 75 0 0 0 0 2 0 0 0 2 0 0 2 0 0 0 2 0 0 2 0 0 0 2 0 0 0 0 0 0 0 0 0 0 2 0 0 0 0 2 2 2 2 0 0 0 0 0
76 76 0 0 0 1 2 0 0 1 2 0 1 2 1 0 0 1 1 0 1 0 1 1 2 0 0 0 0 0 0 0 0 0 0 2 0 0 0 0 2 2 2 2 0 0 0 0 0
77 77 1 1 1 0 1 0 0 0 1 1 0 1 0 0 0 0 0 1 0 0 0 0 0 1 1 1 1 1 0 0 1 0 1 1 0 1 1 1 1 0 1 0 1 2 0 1 1
78 78 1 1 1 0 1 0 0 0 1 0 0 1 0 0 1 0 0 0 1 1 0 0 1 0 0 0 1 0 1 1 0 1 0 1 1 0 0 0 1 1 1 1 0 0 1 0 0
79 79 2 2 2 0 0 2 0 0 0 0 0 0 0 0 2 0 0 0 0 2 0 0 0 0 0 0 0 0 0 2 0 2 0 0 2 0 0 0 0 0 0 0 0 0 2 0 0
80 80 1 1 1 0 0 1 1 0 0 0 0 0 0 0 1 0 1 0 0 1 0 0 0 1 0 0 1 0 0 1 0 1 0 0 1 1 1 1 0 0 1 1 0 0 2 1 0
81 81 0 0 0 1 1 0 1 1 1 0 1 1 1 1 0 0 1 0 0 0 1 1 1 1 0 0 0 0 0 0 0 0 0 2 0 0 0 0 1 1 2 2 0 0 0 0 0
82 82 2 2 2 0 0 2 0 0 0 0 0 0 0 0 2 0 0 0 0 2 0 0 0 0 0 0 0 0 0 2 0 2 0 0 2 0 0 0 0 0 0 0 0 0 2 0 0
83 83 0 0 0 0 2 0 0 0 2 0 0 2 0 0 0 0 0 0 0 1 0 0 0 0 0 0 1 0 1 2 0 2 0 0 2 0 0 0 0 0 0 0 0 0 2 0 0
84 84 0 0 0 2 2 0 0 2 2 0 2 2 2 0 0 0 2 0 0 0 2 2 2 0 0 0 0 0 0 0 0 0 0 2 0 0 0 0 2 2 2 2 0 0 0 0 0
85 85 0 0 0 1 2 0 0 1 2 0 1 2 1 0 0 1 1 0 1 0 1 1 2 0 0 0 0 0 0 0 0 0 0 2 0 0 0 0 2 2 2 2 0 0 0 0 0
86 86 1 1 1 0 1 1 0 0 1 0 0 1 0 0 1 1 0 0 1 1 0 0 1 0 0 0 0 0 0 1 0 1 0 1 1 0 0 0 1 1 1 1 0 0 1 0 0
87 87 0 0 0 0 2 0 0 0 2 0 0 2 0 0 0 1 0 0 1 0 0 0 1 0 0 0 0 0 0 0 0 0 0 2 0 0 0 0 2 1 2 1 0 1 0 0 0
88 88 0 0 0 0 2 0 0 0 2 0 0 2 0 0 0 2 0 1 2 0 0 0 2 0 0 0 0 0 0 0 0 0 0 2 0 0 0 0 2 2 2 2 0 0 0 0 0
89 89 0 0 0 1 1 0 1 1 1 0 1 1 1 0 0 0 2 0 0 0 1 1 1 1 0 0 1 0 0 0 0 0 0 1 0 1 1 1 1 1 2 2 0 0 1 1 0
90 90 1 1 1 0 1 0 0 0 1 0 0 1 0 0 0 0 0 0 0 1 0 0 0 1 0 0 2 0 0 2 0 2 0 0 2 0 0 0 0 0 0 0 0 0 2 0 0
91 91 2 2 2 0 0 0 0 0 0 0 0 0 0 0 2 0 0 0 0 2 0 0 0 0 0 0 2 0 2 2 0 2 0 0 2 0 0 0 0 0 0 0 0 0 2 0 0
92 92 2 2 2 0 0 1 0 0 0 0 0 0 0 0 2 0 0 0 0 2 0 0 0 0 0 0 1 0 1 2 0 2 0 0 2 0 0 0 0 0 0 0 0 0 2 0 0
93 93 0 0 0 1 1 0 1 1 1 0 1 1 1 1 0 0 1 0 0 0 1 1 1 1 0 0 0 0 0 0 0 0 0 2 0 0 0 0 1 1 2 2 0 0 0 0 0
94 94 2 2 2 0 0 2 0 0 0 0 0 0 0 0 2 0 0 0 0 2 0 0 0 0 0 0 0 0 0 2 0 2 0 0 2 0 0 0 0 0 0 0 0 0 2 0 0
95 95 1 1 1 0 0 1 1 0 0 0 0 0 0 0 1 0 1 0 0 1 0 0 0 1 0 0 1 0 0 1 0 1 0 0 1 1 1 1 0 0 1 1 0 0 2 1 0
96 96 2 2 2 0 0 0 0 0 0 0 0 0 0 0 2 0 0 0 1 1 0 0 1 0 0 0 1 0 1 1 0 1 0 1 1 0 0 0 1 1 1 1 0 0 1 0 0
97 97 1 1 1 0 1 1 0 0 1 0 0 1 0 0 1 1 0 0 1 1 0 0 1 0 0 0 0 0 0 1 0 1 0 1 1 0 0 0 1 1 1 1 0 0 1 0 0
98 98 1 1 1 0 1 1 0 0 1 0 0 1 0 0 1 0 0 0 0 1 0 0 1 0 0 0 0 0 0 1 0 1 0 1 1 0 0 0 1 1 1 1 0 0 1 0 0
99 99 0 0 0 1 2 0 0 1 2 0 1 2 1 0 0 0 1 0 0 0 1 1 1 0 0 0 0 0 0 0 0 0 0 2 0 0 0 0 2 1 2 1 0 1 0 0 0
100 100 1 1 1 1 1 1 0 1 1 0 1 1 1 0 1 0 1 0 0 1 1 1 1 0 0 0 0 0 0 1 0 1 0 1 1 0 0 0 1 1 1 1 0 0 1 0 0
101 101 2 2 2 0 0 1 0 0 0 0 0 0 0 0 2 0 0 0 0 2 0 0 0 0 0 0 1 0 1 2 0 2 0 0 2 0 0 0 0 0 0 0 0 0 2 0 0
102 102 1 1 1 1 1 1 0 1 1 0 1 1 1 0 1 0 1 0 0 1 1 1 1 0 0 0 0 0 0 1 0 1 0 1 1 0 0 0 2 1 1 1 0 0 1 0 0
103 103 0 0 0 2 2 0 0 2 2 0 2 2 2 0 0 0 2 0 0 0 2 1 2 0 0 0 0 0 0 0 0 0 0 2 0 0 0 0 2 2 2 2 0 0 0 0 0
104 104 0 0 0 2 2 0 0 2 2 0 2 2 2 0 0 0 2 0 0 0 2 2 2 0 0 0 0 0 0 0 0 0 0 2 0 0 0 0 2 2 2 2 0 0 0 0 0
105 105 1 1 1 0 1 1 0 0 1 0 0 1 0 0 1 1 0 0 1 1 0 0 1 0 0 0 0 0 0 1 0 1 0 1 1 0 0 0 1 1 1 1 0 0 1 0 0
106 106 1 1 1 0 1 0 0 0 1 1 0 1 0 0 0 1 0 1 1 0 0 0 1 1 1 1 1 1 0 0 1 0 1 1 0 1 1 1 1 1 1 1 1 1 0 1 1
107 107 1 1 1 0 0 1 1 0 0 0 0 0 0 1 1 0 0 0 0 1 0 0 0 1 0 0 0 0 0 1 0 1 0 1 1 0 0 0 0 0 1 1 0 0 1 0 0
108 108 1 1 1 1 1 0 0 1 1 1 1 1 1 0 0 0 1 1 0 0 1 1 1 1 1 1 1 1 0 0 1 0 1 1 0 1 1 1 1 1 1 1 1 1 0 1 1
109 109 2 2 2 0 0 2 0 0 0 0 0 0 0 0 2 0 0 0 0 2 0 0 0 0 0 0 0 0 0 2 0 2 0 0 2 0 0 0 0 0 0 0 0 0 2 0 0
110 110 1 1 1 1 1 0 0 1 1 1 1 1 1 0 0 0 1 0 0 0 2 2 2 0 0 0 0 0 0 0 0 0 0 2 0 0 0 0 2 2 2 2 0 0 0 0 0
111 111 1 1 1 1 1 1 0 1 1 0 1 1 1 0 1 0 1 0 0 1 1 1 1 0 0 0 0 0 0 1 0 1 0 1 1 0 0 0 1 1 1 1 0 0 1 0 0
112 112 1 1 1 0 0 1 1 0 0 0 0 0 0 1 1 0 0 0 0 1 0 0 0 1 0 0 0 0 0 1 0 1 0 1 1 0 0 0 0 0 1 0 0 0 1 0 0
113 113 2 2 2 0 0 1 0 0 0 0 0 1 0 0 2 0 0 0 0 2 0 0 0 0 0 0 1 0 1 2 0 2 0 0 2 0 0 0 0 0 0 0 0 0 2 0 0
114 114 1 1 1 0 1 0 0 0 1 0 0 1 0 0 1 0 0 0 0 1 0 0 0 1 0 1 2 1 0 1 1 1 1 0 1 1 1 1 0 0 0 0 0 1 1 1 1
115 115 0 0 0 0 1 0 1 0 1 0 0 1 0 1 0 1 1 0 1 0 1 1 2 0 0 0 0 0 0 0 0 0 0 2 0 0 0 0 2 2 2 2 0 0 0 0 0
116 116 1 1 1 0 1 1 0 0 1 0 0 1 0 0 1 0 0 0 0 1 0 0 1 0 0 0 0 0 0 1 0 1 0 1 1 0 0 0 1 1 1 0 0 0 1 0 0
117 117 1 1 1 1 1 0 0 1 1 1 1 1 1 0 0 0 1 1 0 0 1 1 1 1 1 1 1 1 0 0 1 0 1 1 0 1 1 1 1 1 1 1 1 1 0 1 1
118 118 0 0 0 1 2 0 0 1 2 0 1 2 1 0 0 1 1 0 1 0 1 1 2 0 0 0 0 0 0 0 0 0 0 2 0 0 0 0 2 2 2 2 0 0 0 0 0
119 119 1 1 1 0 1 1 0 0 1 0 0 1 0 0 1 1 0 0 1 1 0 0 1 0 0 0 0 0 0 1 0 1 0 1 1 0 0 0 1 1 1 1 0 0 1 0 0
120 120 1 1 1 1 1 1 0 1 1 0 1 1 0 0 1 0 1 0 0 1 1 1 0 0 0 0 1 0 0 1 1 1 1 0 1 1 1 0 0 0 1 0 0 0 2 0 0
121 121 1 1 1 0 1 0 0 0 1 0 0 1 0 0 1 0 0 0 1 1 0 0 1 0 0 0 1 0 1 1 0 1 0 1 1 0 0 0 1 1 1 1 0 0 1 0 0
122 122 0 0 0 1 2 0 0 1 2 0 1 2 1 0 0 1 1 0 1 0 1 1 2 0 0 0 0 0 0 0 0 0 0 2 0 0 0 0 2 2 2 2 0 0 0 0 0
123 123 0 0 0 2 2 0 0 2 2 0 2 2 1 0 0 0 2 0 0 0 2 2 1 0 0 0 1 0 0 0 1 0 1 1 0 1 1 0 1 1 2 1 0 0 1 0 0
124 124 1 1 1 0 1 0 0 0 1 0 0 1 0 0 0 0 0 0 1 0 0 0 1 1 0 0 1 0 0 1 0 1 0 1 1 0 0 0 1 1 1 1 0 0 1 0 0
125 125 2 2 2 0 0 1 0 0 0 0 0 0 0 0 2 0 1 0 1 1 0 0 1 0 0 0 0 0 0 1 0 1 0 1 1 0 0 0 1 1 1 1 0 0 1 0 0
126 126 2 2 2 0 0 1 0 0 0 0 0 0 0 0 2 0 0 0 0 2 0 0 0 0 0 0 1 0 1 2 0 2 0 0 2 0 0 0 0 0 0 0 0 0 2 0 0
127 127 0 0 0 0 1 0 1 0 1 0 0 1 0 1 0 0 1 0 0 1 0 0 0 1 0 1 2 1 1 1 1 1 1 0 1 1 1 1 0 0 0 0 0 1 1 1 1
128 128 0 0 0 0 2 0 0 0 2 0 0 2 0 0 0 2 0 0 2 0 0 0 2 0 0 0 0 0 0 0 0 0 0 2 0 0 0 0 2 2 2 2 0 0 0 0 0
129 129 1 1 1 1 1 0 0 1 1 1 1 1 1 0 0 0 1 1 0 0 1 1 1 1 1 1 1 1 0 0 1 0 1 1 0 1 1 1 1 1 1 1 1 1 0 1 1
130 130 0 0 0 1 2 0 0 1 2 0 1 2 1 0 0 1 1 0 1 0 1 1 2 0 0 0 0 0 0 0 0 0 0 2 0 0 0 0 2 2 2 2 0 0 0 0 0
131 131 0 0 0 0 2 0 0 0 2 0 0 2 0 0 0 2 0 0 2 0 0 0 2 0 0 0 0 0 0 0 0 0 0 2 0 0 0 0 2 2 2 2 0 0 0 0 0
132 132 1 1 1 0 0 0 1 0 0 0 0 0 0 1 0 0 0 0 0 0 0 0 0 2 0 1 2 1 0 1 1 1 1 0 1 1 1 1 0 0 0 0 0 1 1 1 1
133 133 1 1 1 1 1 1 0 1 0 0 1 1 1 0 1 0 1 0 0 1 1 1 1 0 0 0 0 0 0 1 0 1 0 1 1 0 0 0 1 1 1 1 0 0 1 0 0
134 134 1 1 1 1 1 1 0 1 1 0 1 1 1 0 1 0 1 0 0 1 1 1 1 0 0 0 0 0 0 1 0 1 0 1 1 0 0 0 1 1 1 1 0 0 1 0 0
135 135 1 1 1 0 0 1 1 0 0 0 0 0 0 1 1 0 0 0 0 1 0 0 0 1 0 0 0 0 0 1 0 1 0 1 1 0 0 0 0 0 1 1 0 0 1 0 0
136 136 1 1 1 0 1 0 0 0 1 0 0 1 0 0 0 0 0 0 0 0 0 0 0 2 0 1 2 1 0 1 1 1 1 0 1 1 1 1 0 0 0 0 0 1 1 1 1
137 137 2 2 2 0 0 2 0 0 0 0 0 0 0 0 2 0 0 0 0 2 0 0 0 0 0 0 0 0 0 2 0 2 0 0 2 0 0 0 0 0 0 0 0 0 2 0 0
138 138 1 1 1 0 1 1 0 0 1 0 0 1 0 0 1 0 0 0 0 1 0 0 0 1 0 1 1 1 0 1 1 1 1 0 1 1 1 1 0 0 0 0 0 1 1 1 1
139 139 1 1 0 0 1 0 0 0 1 0 0 1 0 0 1 0 0 0 0 0 0 0 0 2 0 2 2 2 0 0 2 0 2 0 0 2 2 2 0 0 0 0 0 2 0 2 2
140 140 0 0 0 1 2 0 0 1 2 0 1 2 1 0 0 1 1 0 1 0 1 1 2 0 0 0 0 0 0 0 0 0 0 2 0 0 0 0 2 2 2 2 0 0 0 0 0
141 141 1 1 1 0 0 1 1 0 0 0 0 0 0 1 1 0 0 0 0 1 0 0 0 1 0 0 0 0 0 1 0 1 0 1 1 0 0 0 0 0 1 1 0 0 1 0 0
142 142 2 2 2 0 0 1 0 0 0 0 0 0 0 0 2 0 0 0 0 2 0 0 0 0 0 0 1 0 1 2 0 2 0 0 2 0 0 0 0 0 0 0 0 0 2 0 0
143 143 1 1 1 0 1 1 0 0 1 0 0 1 1 0 1 1 0 0 1 1 0 0 1 0 0 0 0 0 0 1 0 1 0 1 1 0 0 0 1 1 1 1 0 0 1 0 0
144 144 2 2 2 0 0 0 0 0 0 2 0 0 0 0 0 0 0 2 0 0 0 0 0 2 2 2 2 2 0 0 2 0 2 0 0 2 2 2 0 0 0 0 2 2 0 2 2
145 145 0 0 0 1 2 0 0 1 2 0 1 2 1 0 0 0 1 0 0 0 1 1 2 0 0 0 0 0 0 0 0 0 0 2 0 0 0 0 2 2 2 2 0 0 0 0 0
146 146 1 1 1 1 1 0 0 1 1 0 1 0 0 0 2 0 0 0 0 2 0 0 0 0 0 0 1 0 0 2 0 2 0 0 2 0 0 0 0 0 0 0 0 0 2 0 0
147 147 0 0 0 0 1 0 1 0 1 0 0 1 0 1 0 1 0 0 1 0 0 0 1 1 0 0 0 0 0 0 0 0 0 2 0 0 0 0 1 1 2 2 0 0 0 0 0
148 148 1 1 1 0 1 1 0 0 1 0 0 1 0 0 1 0 0 0 0 2 0 0 0 0 0 0 1 0 0 2 0 2 0 0 2 0 0 0 0 0 0 0 0 0 2 0 0
149 149 0 0 0 0 2 0 0 0 2 0 0 2 0 0 0 0 0 0 0 0 0 0 0 2 0 2 2 2 0 0 2 0 2 0 0 2 2 2 0 0 0 0 0 2 0 2 2
150 150 2 2 2 0 0 0 0 0 0 0 0 0 0 0 1 0 0 0 0 1 0 0 0 1 0 0 2 0 1 2 0 2 0 0 2 0 0 0 0 0 0 0 0 0 2 0 0
151 151 1 1 1 0 1 1 0 0 1 0 0 1 0 0 1 1 0 0 1 1 0 0 1 0 0 0 0 0 0 1 0 1 0 1 1 0 0 0 1 1 1 1 0 0 1 0 0
152 152 1 1 1 1 1 1 0 1 1 0 1 1 1 0 1 0 1 0 0 1 1 1 1 0 0 0 0 0 0 1 0 1 0 1 1 0 0 0 1 1 1 1 0 0 1 0 0
153 153 1 1 1 0 1 0 0 1 1 0 0 1 0 0 1 0 0 0 0 1 0 0 0 0 0 0 0 0 0 1 0 1 0 1 1 0 0 0 1 0 1 1 0 0 1 0 0
154 154 0 0 0 2 2 0 0 2 2 0 2 2 0 0 0 0 2 0 0 0 2 2 0 0 0 0 2 0 0 0 2 0 2 0 0 2 2 0 0 0 2 0 0 0 2 0 0
155 155 0 0 0 2 2 0 0 2 2 0 2 2 2 0 0 0 2 0 0 0 2 2 2 0 0 0 0 0 0 0 0 0 0 2 0 0 0 0 2 2 2 2 0 0 0 0 0
156 156 2 2 2 0 0 1 0 0 0 1 0 0 0 0 1 0 0 1 0 1 0 0 0 1 1 1 1 1 0 1 1 1 1 0 1 1 1 1 0 0 0 0 1 1 1 1 1
157 157 2 2 2 0 0 2 0 0 0 0 0 0 0 0 2 0 0 0 0 2 0 0 0 0 0 0 0 0 0 2 0 2 0 0 2 0 0 0 0 0 0 0 0 0 2 0 0
158 158 1 1 1 0 1 0 0 0 1 0 0 1 0 0 0 1 0 0 1 0 0 0 1 1 0 0 1 0 0 1 0 1 0 1 1 0 0 0 1 1 1 1 0 0 1 0 0
159 159 2 2 2 0 0 0 0 0 0 0 0 0 0 0 1 0 0 0 0 1 0 0 0 1 0 0 1 0 0 2 0 2 0 0 2 0 0 0 0 0 0 0 0 0 2 0 0
160 160 1 1 1 0 1 1 0 0 1 0 0 1 0 0 1 0 0 0 0 2 0 0 0 0 0 0 1 0 0 2 0 2 0 0 2 0 0 0 0 0 0 0 0 0 2 0 0
161 161 2 2 2 0 0 1 0 0 0 0 0 0 0 0 2 0 0 0 0 2 0 0 0 0 0 0 1 0 1 2 0 2 0 0 2 0 0 0 0 0 0 0 0 0 2 0 0
162 162 1 1 1 0 1 1 0 0 1 0 0 1 0 0 1 1 0 0 1 1 0 0 1 0 0 0 0 0 0 1 0 1 0 1 1 0 0 0 1 1 1 1 0 0 1 0 0
163 163 2 2 2 0 0 0 0 0 0 0 0 0 0 0 0 0 0 0 0 0 0 0 0 2 0 0 2 0 0 2 0 2 0 0 2 0 0 0 0 0 0 0 0 0 2 0 0
164 164 1 1 1 0 1 1 0 0 1 0 0 1 0 0 1 1 0 0 1 1 0 0 1 0 0 0 0 0 0 1 0 1 0 1 1 0 0 0 1 1 1 1 0 0 1 0 0
165 165 1 1 1 0 1 0 0 0 1 1 0 1 0 0 0 1 0 1 1 0 0 0 1 1 1 1 1 1 0 0 1 0 1 1 0 1 1 1 1 1 1 1 1 1 0 1 1
166 166 1 1 1 1 1 0 0 1 1 1 1 1 1 0 0 0 1 1 0 0 1 1 1 1 1 1 1 1 0 0 1 0 1 1 0 1 1 1 1 1 1 1 1 1 0 1 1
167 167 0 0 0 0 2 0 0 0 2 0 0 2 0 0 0 2 0 0 2 0 0 0 2 0 0 0 0 0 0 0 0 0 0 2 0 0 0 0 2 2 2 2 0 0 0 0 0
168 168 0 0 0 2 2 0 0 2 2 0 2 1 1 0 2 0 0 0 0 2 0 0 0 0 0 0 1 0 1 2 0 2 0 0 2 0 0 0 0 0 0 0 0 0 2 0 0
169 169 1 1 1 1 1 0 0 1 1 1 1 1 1 0 0 0 1 1 0 0 1 1 1 1 1 1 1 1 0 0 1 0 1 1 0 1 1 1 1 1 1 1 1 1 0 1 1
170 170 1 1 1 0 1 1 0 0 1 0 0 1 0 0 1 1 0 0 1 1 0 0 1 0 0 0 0 0 0 1 0 1 0 1 1 0 0 0 1 1 1 1 0 0 1 0 0
171 171 0 0 0 0 2 0 0 0 2 0 0 2 0 0 0 2 0 0 2 0 0 0 2 0 0 0 0 0 0 0 0 0 0 2 0 0 0 0 2 2 2 2 0 0 0 0 0
172 172 2 2 2 0 0 2 0 0 0 0 0 0 0 0 2 0 0 0 0 2 0 0 0 0 0 0 0 0 0 2 0 2 0 0 2 0 0 0 0 0 0 0 0 0 2 0 0
173 173 1 1 1 0 1 0 0 0 1 1 0 1 0 0 0 1 0 1 1 0 0 0 1 1 1 1 1 1 0 0 1 0 1 1 0 1 1 1 1 1 1 1 1 1 0 1 1
174 174 1 1 1 0 1 0 0 0 1 0 0 1 0 0 1 0 0 0 0 1 0 0 0 1 0 1 2 1 1 1 1 1 1 0 1 1 1 1 0 0 0 0 0 1 1 1 1
175 175 1 1 1 0 1 0 0 0 1 1 0 1 0 0 0 1 0 1 1 0 0 0 1 1 1 1 1 1 0 0 1 0 1 1 0 1 1 1 1 1 1 1 1 1 0 1 1
176 176 1 1 1 1 1 1 0 1 1 0 1 1 1 0 1 0 1 0 0 1 1 1 1 0 0 0 0 0 0 1 0 1 0 1 1 0 0 0 1 1 1 1 0 0 1 0 0
177 177 1 1 1 0 1 1 0 0 1 0 0 1 0 0 1 0 0 0 1 0 0 0 1 0 0 0 1 0 1 1 0 1 0 1 1 0 0 0 1 1 1 1 0 0 1 0 0
178 178 0 0 0 0 1 0 1 0 1 0 0 1 0 1 0 1 0 0 1 0 0 0 1 1 0 0 0 0 0 0 0 0 0 2 0 0 0 0 1 1 2 2 0 0 0 0 0
179 179 1 1 1 1 1 0 0 1 1 0 1 1 0 0 1 0 1 0 0 1 1 1 0 0 0 0 2 0 1 1 1 1 1 0 1 1 1 0 0 0 1 0 0 0 2 0 0
180 180 1 1 1 0 1 0 0 0 1 0 0 1 0 0 1 0 0 0 0 1 0 0 0 1 0 0 2 0 1 2 0 2 0 0 2 0 0 0 0 0 0 0 0 0 2 0 0
181 181 1 1 1 1 1 1 0 1 1 0 1 1 1 0 1 0 1 0 0 1 1 1 1 0 0 0 0 0 0 1 0 1 0 1 1 0 0 0 1 1 1 1 0 0 1 0 0
182 182 1 1 1 0 1 0 0 0 1 0 0 1 0 0 1 1 0 0 1 1 0 0 1 0 0 0 1 0 1 1 0 1 0 1 1 0 0 0 1 1 1 1 0 0 1 0 0
183 183 1 1 1 0 1 1 0 0 1 0 0 1 0 0 1 1 0 0 1 1 0 0 1 0 0 0 0 0 0 1 0 1 0 1 1 0 0 0 1 1 1 1 0 0 1 0 0
184 184 1 1 1 0 1 0 0 0 1 0 0 1 0 0 1 0 0 0 1 1 0 0 1 0 0 0 0 0 0 1 0 1 0 1 1 0 0 0 1 1 1 1 0 0 1 0 0
185 185 1 1 1 0 0 1 1 0 0 0 0 0 0 1 1 0 0 0 0 1 0 0 0 1 0 0 0 0 0 1 0 1 0 1 1 0 0 0 0 0 1 1 0 0 1 0 0
186 186 2 2 2 0 0 0 0 0 0 0 0 0 0 0 2 0 0 0 0 2 0 0 0 0 0 0 2 0 2 2 0 2 0 0 2 0 0 0 0 0 0 0 0 0 2 0 0
187 187 0 0 0 2 2 0 0 2 2 0 2 0 0 0 2 0 0 0 0 2 0 0 0 0 0 0 0 0 0 2 0 2 0 0 2 0 0 0 0 0 0 0 0 0 2 0 0
188 188 1 1 1 0 1 1 0 0 1 0 0 1 0 0 1 0 0 0 0 1 0 0 0 0 0 0 0 0 0 1 0 1 0 1 1 0 0 0 1 0 1 1 0 0 1 0 0
189 189 0 0 0 0 2 0 0 0 2 0 0 2 0 0 0 2 0 0 2 0 0 0 2 0 0 0 0 0 0 0 0 0 0 2 0 0 0 0 2 2 2 2 0 0 0 0 0
190 190 1 1 1 0 1 1 0 0 1 0 0 1 0 0 1 1 0 0 1 1 0 0 1 0 0 0 0 0 0 1 0 1 0 1 1 0 0 0 1 1 1 1 0 0 1 0 0
191 191 1 1 1 1 1 1 0 1 1 0 1 1 1 0 1 0 1 0 0 1 1 1 1 0 0 0 0 0 0 1 0 1 0 1 1 0 0 0 1 1 1 1 0 0 1 0 0
192 192 1 1 1 0 0 1 1 0 0 0 0 0 0 1 1 0 0 0 0 1 0 0 0 1 0 0 0 0 0 1 0 1 0 1 1 0 0 0 0 0 1 1 0 0 1 0 0
193 193 1 1 1 1 1 1 0 1 1 0 1 1 0 0 1 0 1 0 0 1 1 1 0 0 0 0 1 0 0 1 1 1 1 0 1 1 1 0 0 0 1 0 0 0 2 0 0
194 194 0 0 0 1 2 0 0 1 2 0 1 2 1 0 0 1 1 0 1 0 1 1 2 0 0 0 0 0 0 0 0 0 0 2 0 0 0 0 2 2 2 2 0 0 0 0 0
195 195 1 1 1 0 1 1 0 0 1 0 0 1 0 0 1 1 0 0 1 1 0 0 1 0 0 0 0 0 0 1 0 1 0 1 1 0 0 0 1 1 1 1 0 0 1 0 0
196 196 1 1 1 0 1 1 0 0 1 0 0 1 0 0 1 1 0 0 1 1 0 0 1 0 0 0 0 0 0 1 0 1 0 1 1 0 0 0 1 1 1 1 0 0 1 0 0
197 197 1 1 1 0 1 1 0 0 1 0 0 1 0 0 1 1 0 0 1 1 0 0 1 0 0 0 0 0 0 1 0 1 0 1 1 0 0 0 1 1 1 1 0 0 1 0 0
198 198 1 1 1 0 1 0 0 0 1 0 0 1 0 0 0 0 0 0 0 0 0 0 0 1 0 0 2 0 1 2 0 2 0 0 2 0 0 0 0 0 0 0 0 0 2 0 0
199 199 1 1 1 0 1 1 0 0 1 0 0 1 0 0 1 1 0 0 1 1 0 0 1 0 0 0 0 0 0 1 0 1 0 1 1 0 0 0 1 1 1 1 0 0 1 0 0
200 200 0 0 0 0 2 0 0 0 2 0 0 2 0 0 0 1 0 0 2 0 0 0 2 0 0 0 0 0 0 0 0 0 0 2 0 0 0 0 1 1 1 1 0 0 1 0 0
201 201 0 0 0 0 1 0 1 0 1 0 0 1 0 0 0 0 0 1 0 0 0 0 0 2 1 2 2 2 0 0 2 0 2 0 0 2 2 2 0 0 0 0 1 2 0 2 2
202 202 0 0 0 0 2 0 0 0 2 0 0 2 0 0 0 2 0 0 2 0 0 0 2 0 0 0 0 0 0 0 0 0 0 2 0 0 0 0 2 2 2 2 0 0 0 0 0
203 203 1 1 1 0 0 1 1 0 0 0 0 0 0 1 1 0 0 0 0 1 0 0 0 1 0 0 0 0 0 1 0 1 0 1 1 0 0 0 0 0 1 1 0 0 1 0 0
204 204 1 1 1 1 1 0 0 1 1 1 1 1 1 0 0 0 1 1 0 0 1 1 1 1 1 1 1 1 0 0 1 0 1 1 0 1 1 1 1 1 1 1 1 1 0 1 1
205 205 1 1 0 0 1 0 0 0 1 0 0 1 0 0 1 0 0 0 0 0 0 0 0 2 0 2 2 2 0 0 2 0 2 0 0 2 2 2 0 0 0 0 0 2 0 2 2
206 206 1 1 1 0 1 0 0 0 1 0 0 1 0 0 1 0 0 0 0 1 0 0 0 1 0 1 2 1 1 1 1 1 1 0 1 1 1 1 0 0 0 0 0 1 1 1 1
207 207 1 1 2 0 0 1 0 0 0 0 0 1 0 0 2 0 0 0 0 2 0 0 0 0 0 1 1 1 0 1 1 1 1 0 1 1 1 1 0 0 0 0 0 1 1 1 0
208 208 2 2 2 0 0 0 0 0 0 0 0 0 0 0 1 0 0 0 0 1 0 0 0 1 0 0 2 0 1 2 0 2 0 0 2 0 0 0 0 0 0 0 0 0 2 0 0
209 209 2 2 2 0 0 1 0 0 0 0 0 0 0 0 2 0 0 0 0 2 0 0 0 0 0 0 0 0 0 2 0 2 0 0 2 0 0 0 0 0 0 0 0 0 2 0 0
210 210 1 1 1 0 1 1 0 0 1 0 0 1 0 0 1 1 0 0 1 1 0 0 1 0 0 0 0 0 0 1 0 1 0 1 1 0 0 0 1 1 1 1 0 0 1 0 0
211 211 0 0 0 0 2 0 0 0 2 0 0 2 0 0 0 2 0 0 2 0 0 0 2 0 0 0 0 0 0 0 0 0 0 2 0 0 0 0 2 2 2 2 0 0 0 0 0
212 212 0 0 0 1 1 0 1 1 1 0 1 1 0 0 0 0 2 0 0 0 1 1 0 1 0 0 2 0 0 0 1 0 1 0 0 2 2 1 0 0 2 1 0 0 2 1 0
213 213 2 2 2 0 0 1 0 0 0 0 0 1 0 0 2 0 0 0 0 2 0 0 0 0 0 0 1 0 1 2 0 2 0 0 2 0 0 0 0 0 0 0 0 0 2 0 0
214 214 1 1 1 1 1 1 0 1 1 0 1 1 1 0 1 0 1 0 0 1 1 1 1 0 0 0 1 0 1 1 0 1 0 1 1 0 0 0 1 1 1 1 0 0 2 0 0
215 215 0 0 0 0 2 0 0 0 2 0 0 2 0 0 0 0 0 0 0 0 0 0 0 0 0 0 0 0 0 0 0 0 0 2 0 0 0 0 2 0 2 0 0 2 0 0 0
216 216 1 1 1 0 1 0 0 0 1 1 0 1 0 0 0 1 0 1 1 0 0 0 1 1 1 1 1 1 0 0 1 0 1 1 0 1 1 1 1 1 1 1 1 1 0 1 1
217 217 2 2 2 0 0 2 0 0 0 0 0 0 0 0 2 0 0 0 0 2 0 0 0 0 0 0 0 0 0 2 0 2 0 0 2 0 0 0 0 0 0 0 0 0 2 0 0
218 218 2 2 2 0 0 0 0 0 0 0 0 0 0 0 2 0 0 0 0 2 0 0 0 0 0 0 2 0 2 2 0 2 0 0 2 0 0 0 0 0 0 0 0 0 2 0 0
219 219 1 1 1 1 1 1 0 1 1 0 1 1 1 0 1 0 2 0 0 0 2 2 1 0 0 0 1 0 0 0 1 0 1 1 0 1 1 0 1 1 2 1 0 0 1 1 0
220 220 1 1 1 0 1 1 0 0 1 0 0 1 0 0 1 0 0 0 0 1 0 0 0 0 0 0 1 0 1 2 0 2 0 0 2 0 0 0 0 0 0 0 0 0 2 0 0
221 221 1 1 1 0 1 1 0 0 1 0 0 1 0 0 1 1 0 0 1 1 0 0 1 0 0 0 0 0 0 1 0 1 0 1 1 0 0 0 1 1 1 1 0 0 1 0 0
222 222 1 1 1 0 1 1 0 0 1 0 0 1 0 0 1 1 0 0 1 1 0 0 1 0 0 0 0 0 0 1 0 1 0 1 1 0 0 0 1 1 1 1 0 0 1 0 0
223 223 0 0 0 2 2 0 0 2 2 0 2 2 1 0 0 0 2 0 0 0 2 2 1 0 0 0 1 0 0 0 1 0 1 1 0 1 1 0 1 1 2 1 0 0 1 0 0
224 224 1 1 1 1 1 1 0 1 1 0 1 1 1 0 1 0 1 0 0 1 1 1 1 0 0 0 0 0 0 1 0 1 0 1 1 0 0 0 1 1 1 1 0 0 1 0 0
225 225 1 1 1 0 1 1 0 0 1 0 0 1 0 0 1 1 0 0 1 1 0 0 1 0 0 0 0 0 0 1 0 1 0 1 1 0 0 0 1 1 1 1 0 0 1 0 0
226 226 0 0 0 0 2 0 0 0 2 0 0 2 0 0 0 2 0 0 2 0 0 0 2 0 0 0 0 0 0 0 0 0 0 2 0 0 0 0 2 2 2 2 0 0 0 0 0
227 227 1 1 1 0 0 0 1 0 0 1 0 0 0 1 0 0 0 1 0 0 0 0 0 1 0 1 1 1 0 1 1 1 1 0 1 1 1 1 0 0 0 0 0 1 1 1 1
228 228 2 2 2 0 0 2 0 0 0 0 0 0 0 0 2 0 0 0 0 2 0 0 0 0 0 0 0 0 0 2 0 2 0 0 2 0 0 0 0 0 0 0 0 0 2 0 0
229 229 1 1 1 0 1 1 0 0 1 0 0 1 0 0 1 1 0 0 1 1 0 0 1 0 0 0 0 0 0 1 0 1 0 1 1 0 0 0 1 1 1 1 0 0 1 0 0
230 230 0 0 0 1 2 0 0 1 1 0 1 2 1 0 0 0 1 0 0 0 1 1 1 0 0 0 0 0 0 0 0 0 0 2 0 0 0 0 2 1 2 1 0 1 0 0 0
231 231 1 1 1 0 1 0 0 0 1 0 0 1 0 0 1 0 0 0 1 1 0 0 1 0 0 1 1 1 0 1 1 1 1 0 1 1 1 1 0 0 0 0 0 1 1 1 1
232 232 1 1 1 0 1 0 0 1 1 0 0 1 0 0 1 0 0 0 0 1 0 0 0 1 0 1 1 1 0 1 1 1 1 0 1 1 1 1 0 0 0 0 0 1 1 1 1
233 233 1 1 1 0 1 1 0 0 1 0 0 1 0 0 1 1 0 0 1 1 0 0 1 0 0 0 0 0 0 1 0 1 0 1 2 0 0 0 0 0 0 0 0 0 2 0 0
234 234 1 1 1 1 1 0 0 1 1 1 1 2 1 0 0 1 1 0 1 0 1 1 2 0 0 0 0 0 0 0 0 0 0 2 0 0 0 0 2 2 2 2 0 0 0 0 0
235 235 1 1 1 0 1 1 0 0 1 0 0 1 0 0 1 0 0 0 0 1 0 0 0 0 0 0 0 0 0 1 0 1 0 1 1 0 0 0 1 0 1 0 0 1 1 0 0
236 236 1 1 1 0 1 1 0 0 1 0 0 1 0 0 1 1 0 0 1 1 0 0 1 0 0 0 0 0 0 1 0 1 0 1 1 0 0 0 1 1 1 1 0 0 1 0 0
237 237 0 0 0 2 2 0 0 2 2 0 2 2 2 0 0 0 2 0 0 0 2 2 1 0 0 0 1 0 0 0 1 0 1 1 0 1 1 0 1 1 2 1 0 0 1 0 0
238 238 0 0 0 1 2 0 0 1 2 0 1 2 0 0 0 0 1 0 0 0 0 0 0 1 0 1 2 1 0 0 2 0 2 0 0 2 2 1 0 0 1 0 0 1 1 2 1
239 239 1 1 1 0 0 1 1 0 0 0 0 0 0 0 1 0 1 0 0 1 0 0 0 1 0 0 1 0 0 1 0 1 0 0 1 1 1 1 0 0 1 1 0 0 2 1 0
240 240 0 0 0 1 2 0 0 1 2 0 1 2 1 0 0 1 1 0 1 0 1 1 2 0 0 0 0 0 0 0 0 0 0 2 0 0 0 0 2 2 2 2 0 0 0 0 0
241 241 0 0 0 0 2 0 0 0 2 0 0 2 0 0 0 0 0 0 0 1 0 0 0 1 0 1 2 1 0 1 1 1 1 0 1 1 1 1 0 0 0 0 0 1 1 1 1
242 242 2 2 2 0 0 0 0 0 0 0 0 0 0 0 0 0 0 0 0 0 0 0 0 1 0 0 1 0 0 1 0 1 0 1 1 0 0 0 0 0 1 1 0 0 1 0 0
243 243 1 1 1 0 1 1 0 0 1 0 0 1 0 0 1 1 0 0 1 1 0 0 1 0 0 0 0 0 0 1 0 1 0 1 1 0 0 0 1 1 1 1 0 0 1 0 0
244 244 1 1 1 0 0 1 1 0 1 0 0 0 0 1 1 0 0 0 0 1 0 0 0 1 0 0 0 0 0 1 0 1 0 1 1 0 0 0 0 0 1 1 0 0 1 0 0
245 245 0 0 0 0 2 0 0 0 2 0 0 2 0 0 0 2 0 0 2 0 0 0 2 0 0 0 0 0 0 0 0 0 0 2 0 0 0 0 2 2 2 2 0 0 0 0 0
246 246 1 1 1 1 1 1 0 1 1 0 1 1 1 0 1 0 1 0 0 1 1 1 1 0 0 0 0 0 0 1 0 1 0 1 1 0 0 0 1 1 1 1 0 0 1 0 0
247 247 0 0 0 1 2 0 0 1 2 0 1 2 1 0 0 1 1 0 1 0 1 1 2 0 0 0 0 0 0 0 0 0 0 2 0 0 0 0 2 2 2 2 0 0 0 0 0
248 248 0 0 0 0 2 0 0 0 2 0 0 2 0 0 0 2 0 0 2 0 0 0 2 0 0 0 0 0 0 0 0 0 0 2 0 0 0 0 2 2 2 2 0 0 0 0 0
249 249 0 0 0 0 2 0 0 0 2 0 0 2 0 0 0 0 0 0 0 0 0 0 0 1 0 0 1 0 0 1 0 1 0 1 1 0 0 0 1 0 1 1 0 0 1 0 0
250 250 1 1 1 0 1 0 0 0 1 0 0 1 0 0 0 1 0 0 1 0 0 0 1 1 0 0 1 0 0 1 0 1 0 1 1 0 0 0 1 1 1 1 0 0 1 0 0
251 251 2 2 2 0 0 2 0 0 0 0 0 0 0 0 2 0 0 0 0 2 0 0 0 0 0 0 0 0 0 2 0 2 0 0 2 0 0 0 0 0 0 0 0 0 2 0 0
252 252 0 0 0 0 2 0 0 0 2 0 0 2 0 0 0 2 0 0 2 0 0 0 2 0 0 0 0 0 0 0 0 0 0 2 0 0 0 0 2 2 2 2 0 0 0 0 0
253 253 2 2 2 0 0 2 0 0 0 0 0 0 0 0 2 0 0 0 0 2 0 0 0 0 0 0 0 0 0 2 0 2 0 0 2 0 0 0 0 0 0 0 0 0 2 0 0
254 254 1 1 1 0 1 0 0 0 1 1 0 1 0 0 0 0 0 1 0 0 0 0 0 1 1 1 1 1 0 0 1 0 1 1 0 1 1 1 1 0 1 0 1 2 0 1 1
255 255 0 0 0 2 2 0 0 2 2 0 2 2 2 0 0 0 2 0 0 0 2 2 2 0 0 0 0 0 0 0 0 0 0 2 0 0 0 0 2 2 2 2 0 0 0 0 0
256 256 0 0 0 1 2 0 0 1 2 0 1 2 1 0 0 1 1 0 1 0 1 1 2 0 0 0 0 0 0 0 0 0 0 2 0 0 0 0 2 2 2 2 0 0 0 0 0
257 257 1 1 1 0 1 1 0 0 1 0 0 1 0 0 1 1 0 0 1 1 0 0 1 0 0 0 0 0 0 1 0 1 0 1 1 0 0 0 1 1 1 1 0 0 1 0 0
258 258 0 0 0 1 1 0 1 1 1 0 1 1 0 1 0 0 1 0 0 0 0 0 0 1 0 1 2 1 0 0 2 0 2 0 0 2 2 1 0 0 1 0 0 1 1 2 1
259 259 2 2 2 0 0 0 0 0 0 0 0 0 0 0 2 0 0 0 0 2 0 0 0 0 0 0 2 0 1 2 0 2 0 0 2 0 0 0 0 0 0 0 0 0 2 0 0
260 260 1 1 1 1 1 1 0 1 0 0 1 1 1 0 1 0 1 0 0 1 1 1 1 0 0 0 0 0 0 1 0 1 0 1 1 0 0 0 1 1 1 1 0 0 1 0 0
261 261 1 1 1 1 1 1 0 1 1 0 1 1 1 0 1 0 1 0 0 1 1 1 1 0 0 0 0 0 0 1 0 1 0 1 1 0 0 0 1 1 1 1 0 0 1 0 0
262 262 1 1 1 1 1 0 0 1 1 0 2 1 1 0 1 0 1 0 0 1 1 1 1 0 0 0 1 0 1 1 0 1 0 1 1 0 0 0 1 1 1 1 0 0 1 0 0
263 263 1 1 1 1 1 1 0 1 1 0 1 1 0 0 1 0 1 0 0 1 1 1 0 0 0 0 1 0 0 1 1 1 1 0 1 1 1 0 0 0 1 0 0 0 2 0 0
264 264 1 1 1 0 1 0 0 0 1 0 0 1 0 0 1 0 0 0 0 1 0 0 0 1 0 1 2 1 1 1 1 1 1 0 1 1 1 1 0 0 0 0 0 1 1 1 1
265 265 0 0 0 0 2 0 0 0 2 0 0 2 0 0 0 2 0 0 2 0 0 0 2 0 0 0 0 0 0 0 0 0 0 2 0 0 0 0 2 2 2 2 0 0 0 0 0
266 266 2 2 2 0 0 1 0 0 0 0 0 0 0 0 1 0 0 0 0 1 0 0 0 0 0 0 1 0 1 1 0 1 0 1 1 0 0 0 0 0 0 0 0 1 1 1 1
267 267 0 0 0 0 2 0 0 0 2 0 0 2 0 0 0 2 0 0 2 0 0 0 2 0 0 0 0 0 0 0 0 0 0 2 0 0 0 0 2 2 2 2 0 0 0 0 0
268 268 1 1 1 1 1 1 0 1 1 0 1 1 1 0 1 0 1 0 0 1 1 1 1 0 0 0 0 0 0 1 0 1 0 1 1 0 0 0 1 1 1 1 0 0 1 0 0
269 269 0 0 0 0 2 0 0 0 2 0 0 2 0 0 0 1 0 0 1 0 0 0 1 0 0 0 0 0 0 0 0 0 0 2 0 0 0 0 2 1 2 1 0 1 0 0 0
270 270 1 1 1 0 1 0 0 0 1 0 0 1 0 0 1 0 0 0 0 2 0 0 0 0 0 0 2 0 1 2 0 2 0 0 2 0 0 0 0 0 0 0 0 0 2 0 0
271 271 1 1 1 1 1 1 0 1 1 0 1 1 1 0 1 0 1 0 0 1 1 1 1 0 0 0 0 0 0 1 0 1 0 1 1 0 0 0 1 1 1 1 0 0 1 0 0
272 272 2 2 2 0 0 1 0 0 0 1 0 0 0 0 1 0 0 1 0 1 0 0 0 1 1 1 1 1 0 1 1 1 1 0 1 1 1 1 0 0 0 0 1 1 1 1 1
273 273 0 0 0 0 1 0 1 0 1 0 0 1 0 1 0 1 0 0 1 0 0 0 1 1 0 0 0 0 0 0 0 0 0 2 0 0 0 0 1 1 2 2 0 0 0 0 0
274 274 0 0 0 1 1 0 1 1 1 0 1 1 1 0 0 0 2 0 0 0 1 1 1 1 0 0 1 0 0 0 0 0 0 1 0 1 1 1 1 1 2 2 0 0 1 1 0
275 275 0 0 0 1 2 0 0 1 2 0 1 2 1 0 0 1 1 0 1 0 1 1 2 0 0 0 0 0 0 0 0 0 0 2 0 0 0 0 2 2 2 2 0 0 0 0 0
276 276 1 1 1 1 1 0 0 1 1 1 1 1 1 0 0 0 1 1 0 1 0 0 0 1 1 1 2 1 1 1 1 1 1 0 1 1 1 1 0 0 0 0 1 1 1 1 1
277 277 2 2 2 0 0 2 0 0 0 0 0 0 0 0 2 0 0 0 0 2 0 0 0 0 0 0 0 0 0 2 0 2 0 0 2 0 0 0 0 0 0 0 0 0 2 0 0
278 278 2 2 2 0 0 1 0 0 0 0 0 1 0 0 2 0 0 0 0 2 0 0 0 0 0 0 1 0 1 2 0 2 0 0 2 0 0 0 0 0 0 0 0 0 2 0 0
279 279 0 0 0 1 2 0 0 1 2 0 1 2 1 0 0 1 1 0 1 0 1 1 2 0 0 0 0 0 0 0 0 0 0 2 0 0 0 0 2 2 2 2 0 0 0 0 0
280 280 1 1 1 0 1 1 0 0 1 0 0 1 0 0 1 0 0 0 0 1 0 0 0 1 0 1 2 1 1 1 1 1 1 0 1 1 1 1 0 0 0 0 0 1 1 1 1
281 281 2 2 2 0 0 2 0 0 0 0 0 0 0 0 2 0 0 0 0 2 0 0 0 0 0 0 0 0 0 2 0 2 0 0 2 0 0 0 0 0 0 0 0 0 2 0 0
282 282 1 1 1 0 1 0 0 0 1 1 0 1 0 0 0 1 0 1 1 0 0 0 1 1 1 1 1 1 0 0 1 0 1 1 0 1 1 1 1 1 1 1 1 1 0 1 1
283 283 1 1 1 0 0 1 1 0 0 0 0 0 0 1 1 0 0 0 0 1 0 0 0 1 0 0 0 0 0 1 0 1 0 1 1 0 0 0 0 0 1 0 0 0 1 0 0
284 284 0 0 0 2 2 0 0 2 2 0 2 2 2 0 0 0 2 0 0 0 2 2 2 0 0 0 0 0 0 0 0 0 0 2 0 0 0 0 2 2 2 2 0 0 0 0 0
285 285 0 0 0 2 2 0 0 2 2 0 2 2 2 0 0 0 2 0 0 0 2 2 2 0 0 0 0 0 0 1 0 1 0 1 1 0 0 0 1 1 1 1 0 0 1 0 0
286 286 2 2 2 0 0 2 0 0 0 0 0 0 0 0 2 0 0 0 0 2 0 0 0 0 0 0 0 0 0 2 0 2 0 0 2 0 0 0 0 0 0 0 0 0 2 0 0
287 287 0 0 0 1 1 0 1 1 1 0 1 1 1 1 0 0 1 0 0 0 1 1 1 1 0 0 0 0 0 0 0 0 0 2 0 0 0 0 1 1 2 2 0 0 0 0 0
288 288 0 0 0 1 2 0 0 1 2 0 1 2 1 0 0 1 1 0 1 0 1 1 2 0 0 0 0 0 0 0 0 0 0 2 0 0 0 0 2 2 2 2 0 0 0 0 0
289 289 1 1 1 0 1 0 0 0 1 0 0 1 0 0 1 0 1 0 0 2 0 0 0 0 0 0 1 0 0 2 0 2 0 0 2 0 0 0 0 0 0 0 0 1 1 1 1
290 290 0 0 0 0 2 0 0 0 2 0 0 2 0 0 0 2 0 0 2 0 0 0 2 0 0 0 0 0 0 0 0 0 0 2 0 0 0 0 2 2 2 2 0 0 0 0 0
291 291 1 0 0 2 2 0 0 2 1 0 2 2 2 0 0 0 1 0 1 0 1 1 2 0 0 0 0 0 0 0 0 0 0 2 0 0 0 0 2 2 2 2 0 0 0 0 0
292 292 0 0 0 1 2 0 0 1 2 0 1 2 1 0 0 0 1 0 0 1 0 0 0 0 0 0 1 0 1 1 0 1 0 1 1 0 0 0 1 0 1 0 0 1 1 0 0
293 293 1 1 1 0 0 1 1 0 0 0 0 0 0 0 1 0 1 0 0 1 0 0 0 1 0 0 1 0 0 1 0 1 0 0 1 1 1 1 0 0 1 1 0 0 2 1 0
294 294 1 0 0 1 1 0 1 1 0 0 1 1 1 1 0 0 1 0 0 0 1 1 1 1 0 0 0 0 0 0 0 0 0 2 0 0 0 0 1 1 2 2 0 0 0 0 0
295 295 2 2 2 0 0 2 0 0 0 0 0 0 0 0 2 0 0 0 0 2 0 0 0 0 0 0 0 0 0 2 0 2 0 0 2 0 0 0 0 0 0 0 0 0 2 0 0
296 296 0 0 0 0 2 0 0 0 2 0 0 2 0 0 0 0 1 0 0 0 0 0 0 1 0 1 2 1 0 0 2 0 1 0 1 1 1 1 0 0 0 0 0 1 1 1 1
297 297 1 1 1 0 0 1 1 0 0 0 0 0 0 1 1 0 0 0 0 1 0 0 0 1 0 0 0 0 0 1 0 1 0 1 1 0 0 0 0 0 1 1 0 0 1 0 0
298 298 0 0 0 1 2 0 0 1 2 0 1 2 1 0 0 1 1 0 1 0 1 1 2 0 0 0 0 0 0 0 0 0 0 2 0 0 0 0 1 1 2 1 0 0 1 0 0
299 299 2 2 2 0 0 2 0 0 0 0 0 0 0 0 2 0 0 0 0 2 0 0 0 0 0 0 0 0 0 2 0 2 0 0 2 0 0 0 0 0 0 0 0 0 2 0 0
300 300 1 1 1 0 1 1 0 0 1 0 0 1 0 0 1 1 0 0 1 1 0 0 1 0 0 0 0 0 0 1 0 1 0 1 1 0 0 0 1 1 1 1 0 0 1 0 0
301 301 2 2 2 0 0 2 0 0 0 0 0 0 0 0 2 0 0 0 0 2 0 0 0 0 0 0 0 0 0 2 0 2 0 0 2 0 0 0 0 0 0 0 0 0 2 0 0
302 302 1 1 1 0 0 1 1 0 0 0 0 0 0 1 1 0 0 0 0 1 0 0 0 1 0 1 1 1 0 1 1 1 1 0 1 1 1 1 0 0 0 0 0 1 1 1 1
303 303 1 1 1 0 1 1 0 0 1 0 0 1 0 0 1 1 0 0 1 1 0 0 1 0 0 0 0 0 0 1 0 1 0 1 1 0 0 0 1 1 1 1 0 0 1 0 0
304 304 1 1 1 0 0 1 1 0 0 0 0 0 0 1 1 0 0 0 0 1 0 0 0 1 0 0 0 0 0 1 0 1 0 1 1 0 0 0 0 0 1 0 0 0 1 0 0
305 305 0 0 0 1 2 0 0 1 2 0 1 1 0 0 1 1 0 0 1 1 0 0 1 0 0 0 0 0 0 1 0 1 0 1 1 0 0 0 1 1 1 1 0 0 1 0 0
306 306 2 2 2 0 0 2 0 0 0 0 0 0 0 0 2 0 0 0 0 2 0 0 0 0 0 0 0 0 0 2 0 2 0 0 2 0 0 0 0 0 0 0 0 0 2 0 0
307 307 2 2 2 0 0 2 0 0 0 0 0 0 0 0 2 0 0 0 0 2 0 0 0 0 0 0 0 0 0 2 0 2 0 0 2 0 0 0 0 0 0 0 0 0 2 0 0
308 308 1 1 1 0 0 1 1 0 0 0 0 0 0 1 1 0 0 0 0 1 0 0 0 1 0 0 0 0 0 1 0 1 0 1 1 0 0 0 0 0 0 1 0 0 1 0 0
309 309 1 1 1 0 1 1 0 0 1 0 0 1 0 0 1 0 0 0 0 1 0 0 0 1 0 1 1 1 0 1 1 1 1 0 1 1 1 1 0 0 0 0 0 1 1 1 1
310 310 0 0 0 0 1 0 1 0 1 0 0 1 0 1 0 0 0 0 1 1 0 0 1 1 0 1 1 1 0 0 1 0 1 1 0 1 1 1 1 1 1 1 0 1 0 1 1
311 311 0 0 0 0 2 0 0 0 2 0 0 2 0 0 0 2 0 0 2 0 0 0 2 0 0 0 0 0 0 0 0 0 0 2 0 0 0 0 2 2 2 2 0 0 0 0 0
312 312 2 2 2 0 0 1 0 0 0 0 0 0 0 0 2 0 0 0 0 2 0 0 0 0 0 0 1 0 1 2 0 2 0 0 2 0 0 0 0 0 0 0 0 0 2 0 0
313 313 1 1 1 0 1 0 0 0 1 0 0 1 0 0 1 0 1 0 2 0 0 0 2 0 0 0 0 0 0 0 0 0 0 2 0 0 0 0 2 2 2 2 0 0 0 0 0
314 314 1 1 1 0 1 1 0 0 1 0 0 1 0 0 1 1 0 0 1 1 0 0 1 0 0 0 0 0 0 1 0 1 0 1 1 0 0 0 1 1 1 1 0 0 1 0 0
315 315 1 1 1 0 1 0 0 0 1 0 0 1 0 0 1 0 0 0 0 2 0 0 0 0 0 0 2 0 2 2 0 2 0 0 2 0 0 0 0 0 0 0 0 0 2 0 0
316 316 2 2 2 0 0 1 0 0 0 0 0 0 0 0 1 0 0 0 0 1 0 0 0 0 0 0 0 0 0 1 0 1 0 1 1 0 0 0 0 0 1 1 0 0 1 0 0
317 317 0 0 0 0 1 0 1 0 1 0 0 1 0 1 0 0 0 0 1 0 0 0 1 1 0 0 0 0 0 0 0 0 0 2 0 0 0 0 1 1 2 2 0 0 0 0 0
318 318 0 0 0 1 2 0 0 1 2 0 1 2 0 0 0 1 1 0 1 0 1 1 1 0 0 0 1 0 0 0 1 0 1 1 0 1 1 0 1 1 2 1 0 0 1 0 0
319 319 1 1 1 1 1 0 0 1 1 0 1 1 1 0 1 0 1 0 0 1 1 1 1 0 0 0 1 0 1 1 0 1 0 1 1 0 0 0 1 1 1 1 0 0 1 0 0
320 320 1 1 1 0 1 0 0 0 1 0 0 1 0 0 0 0 0 0 0 0 1 1 0 1 0 1 2 1 0 0 2 0 2 0 0 2 2 1 0 0 1 0 0 1 1 2 1
321 321 2 2 2 0 0 2 0 0 0 0 0 0 0 0 2 0 0 0 0 2 0 0 0 0 0 0 0 0 0 2 0 2 0 0 2 0 0 0 0 0 0 0 0 0 2 0 0
322 322 0 0 0 1 2 0 0 1 2 0 1 2 1 0 0 1 1 0 1 0 1 1 2 0 0 0 0 0 0 0 0 0 0 2 0 0 0 0 2 2 2 2 0 0 0 0 0
323 323 2 2 2 0 0 1 0 0 0 0 0 1 0 0 2 0 0 0 0 2 0 0 0 0 0 0 1 0 1 2 0 2 0 0 2 0 0 0 0 0 0 0 0 0 2 0 0
324 324 0 0 0 0 2 0 0 0 2 0 0 2 0 0 0 2 0 0 2 0 0 0 2 0 0 0 0 0 0 0 0 0 0 2 0 0 0 0 2 2 2 1 0 0 0 0 0
325 325 2 2 2 0 0 2 0 0 0 0 0 0 0 0 2 0 0 0 0 2 0 0 0 0 0 0 0 0 0 2 0 2 0 0 2 0 0 0 0 0 0 0 0 0 2 0 0
326 326 2 2 2 0 0 2 0 0 0 0 0 0 0 0 2 0 0 0 1 1 0 0 1 0 0 0 0 0 0 1 0 1 0 1 1 0 0 0 1 1 1 1 0 0 1 0 0
327 327 1 1 1 0 1 1 0 0 1 0 0 1 0 0 1 1 0 0 1 1 0 0 1 0 0 0 0 0 0 1 0 1 0 1 1 0 0 0 1 1 1 1 0 0 1 0 0
328 328 2 2 2 0 0 0 0 0 0 2 0 0 0 0 0 0 0 2 0 0 0 0 0 2 2 2 2 2 0 0 2 0 2 0 0 2 2 2 0 0 0 0 2 2 0 2 2
329 329 2 2 2 0 0 2 0 0 0 0 0 0 0 0 2 0 0 0 0 2 0 0 0 0 0 0 0 0 0 2 0 2 0 0 2 0 0 0 0 0 0 0 0 0 2 0 0
330 330 0 0 0 0 1 0 1 0 1 0 0 1 0 1 0 0 0 0 0 0 0 0 0 2 0 1 1 1 0 0 1 0 1 1 0 1 1 1 0 0 1 1 0 1 0 1 1
331 331 1 1 1 0 0 0 1 0 0 0 0 0 0 1 0 0 0 0 0 0 0 0 0 2 0 1 2 1 0 1 1 1 1 0 1 1 1 1 0 0 0 0 0 1 1 1 1
332 332 2 2 2 0 0 1 0 0 0 1 0 0 0 0 1 0 0 1 0 1 0 0 0 1 1 1 1 1 0 1 1 1 1 0 1 1 1 1 0 0 0 0 1 1 1 1 1
333 333 1 1 1 1 1 0 0 1 1 0 1 1 1 0 1 0 1 0 0 1 1 1 1 0 0 0 1 0 1 1 0 1 0 1 1 0 0 0 1 1 1 1 0 0 1 0 0
334 334 1 1 1 1 1 0 0 1 1 1 1 1 1 0 0 0 1 1 0 0 1 1 1 1 1 1 1 1 0 0 1 0 1 1 0 1 1 1 1 1 1 1 1 1 0 1 1
335 335 1 1 1 0 1 0 0 0 1 0 0 1 0 0 1 1 0 0 1 1 0 0 1 0 0 0 1 0 1 1 0 1 0 1 1 0 0 0 1 1 1 1 0 0 1 0 0
336 336 1 1 1 1 1 1 0 1 1 0 1 1 1 0 1 0 1 0 0 1 1 1 1 0 0 0 0 0 0 1 0 1 0 1 1 0 0 0 1 1 1 1 0 0 1 0 0
337 337 1 1 1 0 0 0 1 0 0 0 0 0 0 1 1 0 1 0 0 2 0 0 0 0 0 0 2 0 2 2 0 2 0 0 2 0 0 0 0 0 0 0 0 0 2 0 0
338 338 0 0 0 0 2 0 0 0 2 0 0 2 0 0 0 2 0 0 2 0 0 0 2 0 0 0 0 0 0 0 0 0 0 2 0 0 0 0 2 2 2 2 0 0 0 0 0
339 339 2 2 2 0 0 2 0 0 0 0 0 0 0 0 2 0 0 0 0 2 0 0 0 0 0 0 0 0 0 2 0 2 0 0 2 0 0 0 0 0 0 0 0 0 2 0 0
340 340 0 0 0 2 2 0 0 2 2 0 2 2 2 0 0 0 2 0 0 0 2 1 2 0 0 0 0 0 0 0 0 0 0 2 0 0 0 0 2 2 2 2 0 0 0 0 0
341 341 1 1 0 0 0 0 1 0 0 0 0 0 0 1 1 0 0 0 0 0 0 0 0 2 0 2 2 2 0 0 2 0 2 0 0 2 2 2 0 0 0 0 0 2 0 2 2
342 342 0 0 0 1 2 0 0 1 2 0 1 2 1 0 0 1 1 0 1 0 1 1 2 0 0 0 0 0 0 0 0 0 0 2 0 0 0 0 2 2 2 2 0 0 0 0 0
343 343 1 1 1 1 1 1 0 1 1 0 1 1 1 0 1 0 1 0 0 1 1 1 1 0 0 0 0 0 0 1 0 1 0 1 1 0 0 0 1 1 1 1 0 0 1 0 0
344 344 1 1 1 0 0 1 1 0 0 0 0 0 0 1 1 0 0 0 0 1 0 0 0 1 0 0 0 0 0 1 0 1 0 1 1 0 0 0 0 0 1 1 0 0 1 0 0
345 345 1 1 1 0 1 1 0 0 1 0 0 1 0 0 1 0 0 0 0 1 0 0 0 0 0 0 1 0 1 2 0 2 0 0 2 0 0 0 0 0 0 0 0 0 2 0 0
346 346 1 1 1 0 1 1 0 0 1 0 0 1 0 0 1 1 0 0 1 1 0 0 1 0 0 0 0 0 0 1 0 1 0 1 1 0 0 0 1 1 1 1 0 0 1 0 0
347 347 2 2 2 0 0 2 0 0 0 0 0 1 0 0 2 0 0 0 0 2 0 0 0 0 0 0 0 0 0 2 0 2 0 0 2 0 0 0 0 0 0 0 0 0 2 0 0
348 348 1 1 1 1 1 0 0 1 1 1 1 1 1 0 0 0 1 1 0 0 1 1 1 1 1 1 1 1 0 0 1 0 1 1 0 1 1 1 1 1 1 1 1 1 0 1 1
349 349 1 1 1 0 0 1 1 0 0 0 0 0 0 1 1 0 0 0 0 1 0 0 0 1 0 0 0 0 0 1 0 1 0 1 1 0 0 0 0 0 1 1 0 0 1 0 0
350 350 0 0 0 2 2 0 0 2 2 0 2 2 2 0 0 0 2 0 0 0 2 2 2 0 0 0 0 0 0 0 0 0 0 2 0 0 0 0 2 2 2 2 0 0 0 0 0
351 351 2 2 2 0 0 2 0 0 0 0 0 0 0 0 2 0 0 0 0 2 0 0 0 0 0 0 0 0 0 2 0 2 0 0 2 0 0 0 0 0 0 0 0 0 2 0 0
352 352 1 1 1 0 1 1 0 0 1 0 0 1 0 0 1 0 0 0 0 1 0 0 0 1 0 1 1 1 0 1 1 1 1 0 1 1 1 1 0 0 0 0 0 1 1 1 1
353 353 1 1 1 1 1 0 0 1 1 1 1 1 1 0 0 0 1 1 0 0 1 1 1 1 1 1 1 1 0 0 1 0 1 1 0 1 1 1 1 1 1 1 1 1 0 1 1
354 354 1 1 1 0 1 1 0 0 1 0 0 1 0 0 1 0 0 0 0 1 0 0 0 0 0 0 1 0 0 1 1 1 0 0 2 0 0 0 0 0 0 0 0 0 2 0 0
355 355 1 1 1 0 1 1 0 0 1 0 0 1 0 0 1 0 0 0 0 1 0 0 0 0 0 0 1 0 1 2 0 2 0 0 2 0 0 0 0 0 0 0 0 0 2 0 0
356 356 1 1 1 0 1 1 0 0 1 0 0 1 0 0 1 1 0 0 1 1 0 0 2 0 0 0 0 0 0 0 0 0 0 2 0 0 0 0 2 2 2 2 0 0 0 0 0
357 357 0 0 0 0 2 0 0 0 2 0 0 2 0 0 0 2 0 0 2 0 0 0 2 0 0 0 0 0 0 0 0 0 0 2 0 0 0 0 2 2 2 2 0 0 0 0 0
358 358 2 2 2 0 0 2 0 0 0 0 0 0 0 0 2 0 0 0 0 2 0 0 0 0 0 0 0 0 0 2 0 2 0 0 2 0 0 0 0 0 0 0 0 0 2 0 0
359 359 1 1 1 1 1 1 0 1 1 0 1 1 1 0 1 0 1 0 0 1 1 1 1 0 0 0 0 0 0 1 0 1 0 1 1 0 0 0 1 1 1 1 0 0 1 0 0
360 360 1 1 1 0 0 0 1 0 0 0 0 0 0 1 1 0 1 0 0 2 0 0 0 0 0 0 2 0 1 2 0 2 0 0 2 0 0 0 0 0 0 0 0 0 2 0 0
361 361 2 2 2 0 0 2 0 0 0 0 0 0 0 0 2 0 0 0 0 2 0 0 0 0 0 0 0 0 0 2 0 2 0 0 2 0 0 0 0 0 0 0 0 0 2 0 0
362 362 1 1 1 0 1 1 0 0 1 0 0 1 0 0 1 1 0 0 1 1 0 0 1 0 0 0 0 0 0 1 0 1 0 1 1 0 0 0 1 1 1 1 0 0 1 0 0
363 363 2 2 2 0 0 2 0 0 0 0 0 0 0 0 2 0 0 0 0 2 0 0 0 0 0 0 0 0 0 2 0 2 0 0 2 0 0 0 1 1 1 1 0 0 1 0 0
364 364 1 1 1 0 0 1 1 0 0 0 0 0 0 1 1 0 0 0 0 1 0 0 0 1 0 0 0 0 0 1 0 1 0 1 1 0 0 0 0 0 1 1 0 0 1 0 0
365 365 1 1 1 0 1 1 0 0 1 0 0 1 0 0 1 1 0 0 1 1 0 0 1 0 0 0 0 0 0 1 0 1 0 1 1 0 0 0 1 1 1 1 0 0 1 0 0
366 366 2 2 2 0 0 1 0 0 0 0 0 0 0 0 1 0 0 0 0 1 0 0 0 0 0 0 0 0 0 1 0 1 1 0 1 1 1 0 0 0 1 0 0 0 2 1 0
367 367 1 1 1 0 1 0 0 0 1 1 0 1 0 0 0 1 0 1 1 0 0 0 1 1 1 1 1 1 0 0 1 0 1 1 0 1 1 1 1 1 1 1 1 1 0 1 1
368 368 1 1 1 0 1 1 0 0 1 0 0 1 0 0 1 0 0 0 0 1 0 0 0 1 0 1 1 1 0 1 1 1 1 0 1 1 1 1 0 0 0 0 0 1 1 1 1
369 369 0 0 0 0 1 0 1 0 1 0 0 1 0 1 0 1 0 0 1 0 0 0 1 1 0 0 0 0 0 0 0 0 0 2 0 0 0 0 1 1 2 1 0 0 0 0 0
370 370 0 0 0 0 2 0 0 0 2 0 0 2 0 0 0 0 0 0 1 0 0 0 1 1 0 1 1 1 0 0 1 0 1 1 0 1 1 1 1 1 1 1 0 1 0 1 1
371 371 0 0 0 1 2 0 0 1 2 0 1 2 1 0 0 1 1 0 1 0 1 1 2 0 0 0 0 0 0 0 0 0 0 2 0 0 0 0 2 2 2 2 0 0 0 0 0
372 372 1 1 1 1 1 1 0 1 1 0 1 1 1 0 1 0 1 0 0 1 1 1 1 0 0 0 0 0 0 1 0 1 0 1 1 0 0 0 1 1 1 1 0 0 1 0 0
373 373 0 0 0 0 1 0 1 0 1 0 0 1 0 1 0 0 0 0 0 1 0 0 0 1 0 0 1 0 0 1 0 1 0 1 1 0 0 0 0 0 1 1 0 0 1 0 0
374 374 2 2 2 0 0 1 0 0 0 0 0 0 0 0 2 0 0 0 0 2 0 0 0 0 0 0 1 0 1 2 0 2 0 0 2 0 0 0 0 0 0 0 0 0 2 0 0
375 375 2 2 2 0 0 2 0 0 0 0 0 0 0 0 2 0 0 0 0 2 0 0 0 0 0 0 0 0 0 2 0 2 0 0 2 0 0 0 0 0 0 0 0 0 2 0 0
376 376 1 1 1 1 1 1 0 1 1 0 1 0 0 0 2 0 0 0 0 2 0 0 0 0 0 0 0 0 0 2 0 2 0 0 2 0 0 0 0 0 0 0 0 0 2 0 0
377 377 2 2 2 0 0 0 0 0 0 0 0 0 0 0 2 0 0 0 0 2 0 0 0 0 0 0 2 0 1 2 0 2 0 0 2 0 0 0 0 0 0 0 0 0 2 0 0
378 378 0 0 0 0 2 1 0 0 2 0 0 2 0 0 0 0 0 0 0 1 0 0 0 1 0 1 2 1 0 1 1 1 1 0 1 1 1 1 0 0 0 0 0 1 1 1 1
379 379 1 1 1 0 1 1 0 0 1 0 0 1 0 0 1 1 0 0 1 1 0 0 1 0 0 0 0 0 0 1 0 1 0 1 1 0 0 0 1 1 1 1 0 0 1 0 0
380 380 1 1 1 1 1 1 0 1 1 0 1 1 1 0 1 0 1 0 0 1 1 1 1 0 0 0 0 0 0 1 0 1 0 1 1 0 0 0 1 1 1 1 0 0 1 0 0
381 381 2 2 2 0 0 2 0 0 0 0 0 0 0 0 2 0 0 0 0 2 0 0 0 0 0 0 0 0 0 2 0 2 0 0 2 0 0 0 0 0 0 0 0 0 2 0 0
382 382 0 0 0 1 2 0 0 1 2 0 1 2 1 0 0 1 1 0 1 0 1 1 2 0 0 0 0 0 0 0 0 0 0 2 0 0 0 0 2 2 2 2 0 0 0 0 0
383 383 0 0 0 1 2 0 0 1 2 0 1 1 0 0 1 1 0 0 1 1 0 0 1 0 0 0 0 0 0 1 0 1 0 1 1 0 0 0 1 1 1 1 0 0 1 0 0
384 384 0 0 0 0 1 0 1 0 1 0 0 1 0 1 0 1 0 0 1 0 0 0 1 1 0 0 0 0 0 0 0 0 0 2 0 0 0 0 1 1 2 2 0 0 0 0 0
385 385 1 1 1 1 1 1 0 1 1 0 1 1 1 0 1 0 1 0 0 1 1 1 1 0 0 0 0 0 0 1 0 1 0 1 1 0 0 0 1 1 1 1 0 0 1 0 0
386 386 1 1 1 0 1 1 0 0 1 0 0 1 0 0 1 1 0 0 1 1 0 0 1 0 0 0 0 0 0 1 0 1 0 1 1 0 0 0 1 1 1 1 0 0 1 0 0
387 387 2 2 2 0 0 1 0 0 0 0 0 0 0 0 2 0 0 0 0 2 0 0 0 0 0 0 1 0 1 2 0 2 0 0 2 0 0 0 0 0 0 0 0 0 2 0 0
388 388 0 0 0 1 2 0 0 1 2 0 1 2 1 0 0 1 1 0 1 0 1 1 2 0 0 0 0 0 0 0 0 0 0 2 0 0 0 0 2 2 2 2 0 0 0 0 0
389 389 0 0 0 1 1 0 1 1 1 0 1 1 1 1 0 0 1 0 0 0 1 1 1 1 0 0 0 0 0 0 0 0 0 2 0 0 0 0 1 1 2 2 0 0 0 0 0
390 390 0 0 0 1 2 0 0 1 2 0 1 2 1 0 0 1 1 0 1 0 1 1 2 0 0 0 0 0 0 0 0 0 0 2 0 0 0 0 2 2 2 2 0 0 0 0 0
391 391 1 1 1 0 1 1 0 0 1 0 0 1 0 0 1 1 0 0 1 1 0 0 1 0 0 0 0 0 0 1 0 1 0 1 1 0 0 0 1 1 1 1 0 0 1 0 0
392 392 1 1 1 1 1 0 0 1 1 1 1 1 1 0 0 0 1 0 1 0 1 1 2 0 0 0 0 0 0 0 0 0 0 2 0 0 0 0 2 2 2 2 0 0 0 0 0
393 393 0 0 0 1 2 0 0 1 2 0 1 2 1 0 0 1 1 0 1 0 1 1 2 0 0 0 0 0 0 0 0 0 0 2 0 0 0 0 2 2 2 2 0 0 0 0 0
394 394 0 0 0 0 1 0 1 0 1 0 0 1 0 1 0 1 0 0 1 0 0 0 1 1 0 0 0 0 0 0 0 0 0 2 0 0 0 0 1 1 2 2 0 0 0 0 0
395 395 1 1 1 1 1 1 0 1 1 0 1 1 1 0 1 0 1 0 0 1 1 1 1 0 0 0 0 0 0 1 0 1 0 1 1 0 0 0 1 1 1 1 0 0 1 0 0
396 396 2 2 2 0 0 2 0 0 0 0 0 0 0 0 2 0 0 0 0 2 0 0 0 0 0 0 0 0 0 2 0 2 0 0 2 0 0 0 0 0 0 0 0 0 2 0 0
397 397 0 0 0 1 2 0 0 1 2 0 1 2 1 0 0 0 1 0 1 0 1 1 2 0 0 0 0 0 0 0 0 0 0 2 0 0 0 0 2 2 2 2 0 0 0 0 0
398 398 2 2 2 0 0 0 0 0 0 2 0 0 0 0 0 0 0 2 0 0 0 0 0 2 2 2 2 2 0 0 2 0 2 0 0 2 2 2 0 0 0 0 2 2 0 2 2
399 399 2 2 1 0 0 1 0 0 0 0 0 0 0 0 2 0 0 0 0 1 0 0 0 1 0 1 1 1 0 1 1 1 1 0 1 1 1 1 0 0 0 0 0 1 1 1 1
400 400 1 1 1 0 1 1 0 0 1 0 0 1 0 0 1 1 0 0 1 1 0 0 1 0 0 0 0 0 0 1 0 1 0 1 1 0 0 0 1 1 1 1 0 0 1 0 0
401 401 2 2 2 0 0 2 0 0 0 0 0 0 0 0 2 0 0 0 0 2 0 0 0 0 0 0 0 0 0 2 0 2 0 0 2 0 0 0 0 0 0 0 0 0 2 0 0
402 402 0 0 0 1 2 0 0 1 2 0 1 2 1 0 0 1 1 0 1 0 1 0 2 0 0 0 0 0 0 0 0 0 0 2 0 0 0 0 2 2 2 2 0 0 0 0 0
403 403 1 1 1 0 0 0 1 0 0 0 0 0 0 1 1 0 0 0 0 1 0 0 0 1 0 0 1 0 1 1 0 1 0 1 1 0 0 0 0 0 1 1 0 0 1 0 0
404 404 0 0 0 0 2 0 0 0 2 0 0 2 0 0 0 2 0 0 2 0 0 0 2 0 0 0 0 0 0 0 0 0 0 2 0 0 0 0 2 2 2 2 0 0 0 0 0
405 405 2 2 2 0 0 1 0 0 0 0 0 0 0 0 2 0 0 0 0 2 0 0 0 0 0 0 1 0 1 2 0 2 0 0 2 0 0 0 0 0 0 0 0 0 2 0 0
406 406 1 1 1 0 0 1 1 0 0 0 0 0 0 1 1 0 0 0 0 1 0 0 0 1 0 1 1 1 0 1 1 1 1 0 1 1 1 1 0 0 0 0 0 1 1 1 1
407 407 2 2 2 0 0 2 0 0 0 0 0 0 0 0 2 0 0 0 0 2 0 0 0 0 0 0 0 0 0 2 0 2 0 0 2 0 0 0 0 0 0 0 0 0 2 0 0
408 408 1 1 1 0 0 0 1 0 0 0 0 0 0 1 1 0 0 0 0 1 0 0 0 1 0 1 2 1 1 1 1 1 1 0 1 1 1 1 0 0 0 0 0 1 1 1 1
409 409 2 2 2 0 0 1 0 0 0 0 0 0 0 0 2 0 0 0 0 2 0 0 0 0 0 0 1 0 1 2 0 2 0 0 2 0 0 0 0 0 0 0 0 0 2 0 0
410 410 1 1 1 1 1 0 0 1 1 1 1 1 1 0 0 0 1 1 0 0 1 1 1 1 1 1 1 1 0 0 1 0 1 1 0 1 1 1 1 1 1 1 1 1 0 1 1
411 411 0 0 0 1 1 0 1 1 1 0 1 1 1 1 0 0 1 0 0 0 1 1 1 1 0 1 1 1 0 0 1 0 1 1 0 1 1 1 1 1 1 1 0 1 1 1 1
412 412 0 0 0 0 1 0 1 0 1 0 0 1 0 0 0 1 1 0 1 0 0 0 1 1 0 0 1 0 0 0 0 0 0 1 0 1 1 1 1 1 2 2 0 0 1 1 0
413 413 1 1 1 1 1 1 0 1 1 0 1 1 1 0 1 0 1 0 0 1 1 1 1 0 0 0 0 0 0 1 0 1 0 1 1 0 0 0 1 1 1 1 0 0 1 0 0
414 414 1 1 1 0 1 0 0 0 1 0 0 1 0 0 0 0 0 0 0 1 1 1 0 0 0 0 2 0 0 1 1 1 1 0 1 1 1 0 0 0 1 0 0 0 2 1 0
415 415 2 2 2 0 0 2 0 0 0 0 0 0 0 0 2 0 0 0 0 2 0 0 0 0 0 0 0 0 0 2 0 2 0 0 2 0 0 0 0 0 0 0 0 0 2 0 0
416 416 0 0 0 1 2 0 0 1 2 0 1 2 1 0 0 1 1 0 1 0 1 1 2 0 0 0 0 0 0 0 0 0 0 2 0 0 0 0 2 2 2 2 0 0 0 0 0
417 417 2 2 2 0 0 1 0 0 0 0 1 0 0 0 2 0 0 0 0 2 0 0 0 0 0 0 1 0 1 2 0 2 0 0 2 0 0 0 0 0 0 0 0 0 2 0 0
418 418 0 0 0 0 1 0 1 0 1 0 0 1 0 1 0 1 0 0 1 0 0 0 1 1 0 0 0 0 0 0 0 0 0 2 0 0 0 0 1 1 2 2 0 0 0 0 0
419 419 1 1 1 0 0 1 1 0 0 0 0 0 0 1 1 0 0 0 0 1 0 0 0 1 0 0 0 0 0 1 0 1 0 1 1 0 0 0 0 0 1 0 0 0 1 0 0
420 420 1 1 1 0 1 1 0 0 1 0 0 1 0 0 1 1 0 0 1 1 0 0 1 0 0 0 0 0 0 1 0 1 0 1 1 0 0 0 1 1 1 1 0 0 1 0 0
421 421 0 0 0 0 1 0 1 0 1 0 0 1 0 1 0 0 0 0 0 0 0 0 0 1 0 1 1 1 0 0 1 0 1 1 0 1 1 1 1 0 1 1 0 1 0 1 1
422 422 1 1 1 1 1 0 0 1 1 1 1 1 1 0 0 0 1 1 0 0 1 1 1 1 1 1 1 1 0 0 1 0 1 1 0 1 1 1 1 1 1 1 1 1 0 1 1
423 423 2 2 2 0 0 2 0 0 0 0 0 0 0 0 2 0 0 0 0 2 0 0 0 0 0 0 0 0 0 2 0 2 0 0 2 0 0 0 0 0 0 0 0 0 2 0 0
424 424 1 1 1 1 1 1 0 1 1 0 1 1 1 0 1 0 1 0 0 1 1 1 1 0 0 0 0 0 0 1 0 1 0 1 1 0 0 0 1 1 1 1 0 0 1 0 0
425 425 0 0 0 1 2 0 0 1 2 0 1 2 1 0 0 1 1 0 1 0 1 1 2 0 0 0 0 0 0 0 0 0 0 2 0 0 0 0 2 2 2 2 0 0 0 0 0
426 426 1 1 1 0 1 0 0 0 1 1 0 1 0 0 0 1 0 1 1 0 0 0 1 1 1 1 1 1 0 0 1 0 1 1 0 1 1 1 1 1 1 1 1 1 0 1 1
427 427 0 0 0 1 2 0 0 1 2 0 1 2 1 0 0 1 1 0 1 0 1 1 2 0 0 0 0 0 0 0 0 0 0 2 0 0 0 0 2 2 2 2 0 0 0 0 0
428 428 1 1 1 0 0 0 1 0 0 0 0 0 0 1 1 0 0 0 0 1 0 0 0 1 0 1 2 1 1 1 1 1 1 0 1 1 1 1 0 0 0 0 0 1 1 1 1
429 429 1 1 1 1 1 0 0 1 1 1 1 1 1 0 0 0 2 0 0 0 2 2 2 0 0 0 0 0 0 0 0 0 0 2 0 0 0 0 2 2 2 2 0 0 0 0 0
430 430 1 1 1 0 1 0 0 0 1 1 0 1 0 0 0 1 0 1 1 0 0 0 1 1 1 1 1 1 0 0 1 0 1 1 0 1 1 1 1 1 1 1 1 1 0 1 1
431 431 0 0 0 2 2 0 0 2 2 0 2 2 2 0 0 0 2 0 0 0 2 2 2 0 0 0 0 0 0 0 0 0 0 2 0 0 0 0 2 2 2 2 0 0 0 0 0
432 432 1 1 1 1 1 0 0 1 1 1 1 1 1 0 0 0 1 1 0 0 1 1 1 1 1 1 1 1 0 0 1 0 1 1 0 1 1 1 1 1 1 1 1 1 0 1 1
433 433 2 2 2 0 0 1 0 0 0 0 0 0 0 0 2 0 0 0 0 2 0 0 0 0 0 0 1 0 1 2 0 2 0 0 2 0 0 0 0 0 0 0 0 0 2 0 0
434 434 0 0 0 1 2 0 0 1 2 0 1 2 1 0 0 1 1 0 1 0 1 1 2 0 0 0 0 0 0 0 0 0 0 2 0 0 0 0 2 2 2 2 0 0 0 0 0
435 435 0 0 0 1 2 0 0 1 2 0 1 2 1 0 0 1 1 0 1 0 1 1 2 0 0 0 0 0 0 0 0 0 0 2 0 0 0 0 2 2 2 2 0 0 0 0 0
436 436 1 1 1 0 1 0 0 0 1 1 0 1 0 0 0 0 0 1 0 0 0 0 0 1 1 1 1 1 0 0 1 0 1 1 0 1 1 1 1 0 1 0 1 2 0 1 1
437 437 0 0 0 1 2 0 0 1 2 0 1 2 1 0 0 1 1 0 1 0 1 1 2 0 0 0 0 0 0 0 0 0 0 2 0 0 0 0 2 2 2 2 0 0 0 0 0
438 438 0 0 0 1 2 0 0 1 2 0 1 2 1 0 0 1 1 0 1 0 1 1 2 0 0 0 0 0 0 0 0 0 0 2 0 0 0 0 2 2 2 2 0 0 0 0 0
439 439 2 2 2 0 0 2 0 0 0 0 0 0 0 0 2 0 0 0 0 2 0 0 0 0 0 0 0 0 0 2 0 2 0 0 2 0 0 0 0 0 0 0 0 0 2 0 0
440 440 0 0 0 0 1 0 1 0 1 0 0 1 0 1 0 0 0 0 0 0 0 0 0 1 0 1 1 1 0 0 1 0 1 1 0 1 1 1 1 0 1 1 0 1 0 1 1
441 441 0 0 0 1 1 0 1 1 1 0 1 1 1 0 0 0 2 0 0 0 1 1 1 1 0 0 1 0 0 0 0 0 0 1 0 1 1 1 1 1 2 2 0 0 1 1 0
442 442 1 1 1 1 1 1 0 1 1 0 1 1 1 0 1 0 1 0 0 1 1 1 1 0 0 0 0 0 0 1 0 1 0 1 1 0 0 0 1 1 1 1 0 0 1 0 0
443 443 1 1 1 1 1 0 0 1 1 0 1 1 1 0 1 0 1 0 0 1 1 1 1 0 0 0 1 0 1 1 0 1 0 1 1 0 0 0 1 1 1 1 0 0 1 0 0
444 444 1 1 1 1 1 0 0 1 1 1 1 1 1 0 0 0 1 1 0 0 1 1 1 1 1 1 1 1 0 0 1 0 1 1 0 1 1 1 1 1 1 1 1 1 0 1 1
445 445 1 1 1 1 1 0 0 1 1 1 1 1 1 0 0 0 1 1 0 0 1 1 1 1 1 1 1 1 0 0 1 0 1 1 0 1 1 1 1 1 1 1 1 1 0 1 1
446 446 1 1 0 0 1 0 0 0 1 0 0 1 0 0 1 1 0 0 1 0 0 0 1 1 0 1 1 1 0 0 1 0 1 1 0 1 1 1 1 1 1 1 0 1 0 1 1
447 447 1 1 1 0 0 1 1 0 0 0 0 0 0 1 1 0 1 0 0 1 1 1 0 0 0 0 1 0 0 1 1 1 1 0 1 1 1 0 0 0 1 0 0 0 2 0 0
448 448 1 1 1 0 0 1 1 0 0 0 0 0 0 1 1 0 0 0 0 1 0 0 0 1 0 0 0 0 0 1 0 1 0 1 1 0 0 0 0 0 1 1 0 0 1 0 0
449 449 0 0 0 1 2 0 0 1 2 0 1 2 0 0 0 1 1 0 1 0 1 1 1 0 0 0 1 0 0 0 1 0 1 1 0 1 1 0 1 1 2 1 0 0 1 0 0
450 450 1 1 1 1 1 0 0 1 1 1 1 2 1 0 0 1 1 0 1 0 1 1 2 0 0 0 0 0 0 0 0 0 0 2 0 0 0 0 2 2 2 2 0 0 0 0 0
451 451 0 0 0 0 2 0 0 0 2 0 0 2 0 0 0 1 0 0 1 0 0 0 1 0 0 0 0 0 0 0 0 0 0 2 0 0 0 0 2 1 2 1 0 1 0 0 0
452 452 2 2 2 0 0 2 0 0 0 0 0 0 0 0 2 0 0 0 0 2 0 0 0 0 0 0 0 0 0 2 0 2 0 0 2 0 0 0 0 0 0 0 0 0 2 0 0
453 453 1 1 1 0 1 0 0 0 1 0 0 1 0 0 0 1 0 0 1 0 0 0 1 0 0 0 0 0 0 0 0 0 0 2 0 0 0 0 1 1 2 2 0 0 0 0 0
454 454 2 2 2 0 0 2 0 0 0 0 0 0 0 0 2 0 0 0 0 2 0 0 0 0 0 0 0 0 0 2 0 2 0 0 2 0 0 0 0 0 0 0 0 0 2 0 0
455 455 0 0 0 2 2 0 0 2 2 0 2 2 2 0 0 0 2 0 0 0 2 2 2 0 0 0 0 0 0 0 0 0 0 2 0 0 0 0 2 2 2 2 0 0 0 0 0
456 456 0 0 0 1 2 0 0 1 2 0 1 2 1 0 0 1 1 0 1 0 1 1 2 0 0 0 0 0 0 0 0 0 0 2 0 0 0 0 2 2 2 2 0 0 0 0 0
457 457 2 2 2 0 0 2 0 0 0 0 0 0 0 0 2 0 0 0 0 2 0 0 0 0 0 0 0 0 0 2 0 2 0 0 2 0 0 0 0 0 0 0 0 0 2 0 0
458 458 1 1 1 1 1 0 0 1 1 1 1 1 0 0 0 0 1 1 0 0 1 1 0 1 1 1 2 1 0 0 2 0 2 0 0 2 2 1 0 0 1 0 1 1 1 1 1
459 459 2 2 2 0 0 2 0 0 0 0 0 0 0 0 2 0 0 0 0 2 0 0 0 0 0 0 0 0 0 2 0 2 0 0 2 0 0 0 0 0 0 0 0 0 2 0 0
460 460 1 1 1 1 1 0 0 1 1 1 1 1 1 0 0 0 1 1 0 0 1 1 1 1 1 1 1 1 0 0 1 0 1 1 0 1 1 1 1 1 1 1 1 1 0 1 1
461 461 0 0 0 0 2 0 0 0 2 0 0 2 0 0 0 2 0 0 2 0 0 0 2 0 0 0 0 0 0 0 0 0 0 2 0 0 0 0 2 2 2 2 0 0 0 0 0
462 462 1 1 1 1 1 0 0 1 1 1 1 1 1 0 0 0 1 1 0 0 1 1 1 1 1 1 1 1 0 0 1 0 1 1 0 1 1 1 1 1 1 1 1 1 0 1 1
463 463 0 0 0 1 2 0 0 1 2 0 1 2 1 0 0 1 1 0 1 0 1 1 2 0 0 0 0 0 0 0 0 0 0 2 0 0 0 0 2 2 2 2 0 0 0 0 0
464 464 1 1 1 0 0 1 1 0 0 0 0 0 0 1 1 0 0 0 0 1 0 0 0 1 0 0 0 0 0 1 0 1 0 1 1 0 0 0 0 0 1 0 0 0 1 0 0
465 465 1 1 1 0 1 1 0 0 1 0 0 1 0 0 1 1 0 0 1 1 0 0 1 0 0 0 0 0 0 1 0 1 0 1 1 0 0 0 1 1 1 1 0 0 1 0 0
466 466 1 1 1 1 1 1 0 1 1 0 1 1 1 0 1 0 1 0 0 1 1 1 1 0 0 0 0 0 0 1 0 1 0 1 1 0 0 0 1 1 1 1 0 0 1 0 0
467 467 1 1 1 0 1 1 0 0 1 0 0 1 0 0 1 1 0 0 1 1 0 0 1 0 0 0 0 0 0 1 0 1 0 1 1 0 0 0 1 1 1 1 0 0 1 0 0
468 468 0 0 0 1 2 0 0 1 2 0 1 2 1 0 0 1 1 0 1 0 1 1 2 0 0 0 0 0 0 0 0 0 0 2 0 0 0 0 2 2 2 2 0 0 0 0 0
469 469 1 1 1 0 1 1 0 0 1 0 0 1 0 0 1 0 0 0 0 1 0 0 0 1 0 1 2 1 1 1 1 1 1 0 1 1 1 1 0 0 0 0 0 1 1 1 1
470 470 1 1 1 0 1 1 0 0 1 0 0 1 0 0 1 1 0 0 1 1 0 0 1 0 0 0 0 0 0 1 0 1 0 1 1 0 0 0 1 1 1 1 0 0 1 0 0
471 471 0 0 0 2 2 0 0 2 2 0 2 2 2 0 0 0 2 0 0 1 1 1 1 0 0 0 1 0 1 1 0 1 0 1 1 0 0 0 1 1 1 1 0 0 1 0 0
472 472 0 0 0 2 2 0 0 2 2 0 2 2 1 0 0 0 2 0 0 0 2 2 1 0 0 0 1 0 0 0 1 0 1 1 0 1 1 0 1 1 2 1 0 0 1 0 0
473 473 2 2 2 0 0 0 0 0 0 0 0 0 0 0 1 0 0 0 0 1 0 0 0 0 0 0 1 0 1 1 0 1 0 1 1 0 0 0 0 0 1 1 0 0 1 0 0
474 474 0 0 0 1 1 0 1 1 1 0 1 1 1 1 0 0 1 0 0 0 1 1 1 1 0 0 0 0 0 0 0 0 0 2 0 0 0 0 1 1 2 2 0 0 0 0 0
475 475 1 1 1 0 1 1 0 0 1 0 0 1 0 0 1 1 0 0 1 1 0 0 1 0 0 0 0 0 0 1 0 1 0 1 1 0 0 0 1 1 1 1 0 0 1 0 0
476 476 2 2 2 0 0 0 0 0 0 0 0 0 0 0 1 0 0 0 0 1 0 0 0 0 0 0 1 0 1 1 0 1 0 1 1 0 0 0 0 0 1 1 0 0 1 0 0
477 477 0 0 0 1 2 0 0 1 2 0 1 2 0 0 0 1 1 0 1 0 1 1 2 0 0 0 0 0 0 0 0 0 0 2 0 0 0 0 2 2 2 2 0 0 0 0 0
478 478 0 0 0 2 2 0 0 2 2 0 2 2 2 0 0 0 2 0 0 0 2 2 2 0 0 0 0 0 0 0 0 0 0 2 0 0 0 0 2 2 2 2 0 0 0 0 0
479 479 2 2 2 0 0 1 0 0 0 0 0 0 0 0 2 0 0 0 0 2 0 0 0 0 0 0 1 0 1 2 0 2 0 0 2 0 0 0 0 0 0 0 0 0 2 0 0
480 480 1 1 1 1 1 0 0 1 1 1 1 1 1 0 0 0 1 1 0 0 1 1 1 1 1 1 1 1 0 0 1 0 1 1 0 1 1 1 1 1 1 1 1 1 0 1 1
481 481 1 1 1 0 1 1 0 0 1 0 0 1 0 0 1 1 0 1 1 1 0 0 1 0 0 0 0 0 0 1 0 1 0 1 1 0 0 0 1 1 1 1 0 0 1 0 0
482 482 0 0 0 0 1 0 1 0 1 0 0 1 0 1 0 0 0 0 0 0 0 0 0 2 0 2 2 2 0 0 2 0 2 0 0 2 2 2 0 0 0 0 0 2 0 2 2
483 483 0 0 0 1 2 0 0 1 2 0 1 2 1 0 0 1 1 0 2 0 0 0 2 0 0 0 0 0 0 0 0 0 0 2 0 0 0 0 2 2 2 2 0 0 0 0 0
484 484 1 1 1 0 1 1 0 0 1 0 0 1 0 0 1 0 0 0 0 1 0 0 0 0 0 0 0 0 0 1 0 1 0 1 1 0 0 0 1 0 1 0 0 1 1 0 0
485 485 2 2 2 0 0 1 0 0 0 0 0 0 0 0 2 0 0 0 0 2 0 0 0 0 0 0 1 0 1 2 0 2 0 0 2 0 0 0 0 0 0 0 0 0 2 0 0
486 486 1 1 1 1 1 1 0 1 1 0 1 1 1 0 1 0 1 0 0 1 1 1 1 0 0 0 0 0 0 1 0 1 0 1 1 0 0 0 1 1 1 1 0 0 1 0 0
487 487 1 1 1 0 1 0 0 0 1 0 1 1 0 0 1 0 0 0 0 2 0 0 0 0 0 0 1 0 1 1 0 1 0 1 1 0 0 0 1 1 1 1 0 0 1 0 0
488 488 0 0 0 1 2 0 0 1 2 0 1 2 1 0 0 1 1 0 1 0 1 1 2 0 0 0 0 0 0 0 0 0 0 2 0 0 0 0 2 2 2 2 0 0 0 0 0
489 489 2 2 2 0 0 0 0 0 0 0 0 0 0 0 2 0 1 0 1 1 0 0 1 0 0 0 1 0 1 1 0 1 0 1 1 0 0 0 1 1 1 1 0 0 1 0 0
490 490 0 0 0 0 2 0 0 0 2 0 0 2 0 0 0 2 0 0 2 0 0 0 2 0 0 0 0 0 0 0 0 0 0 2 0 0 0 0 2 2 2 2 0 0 0 0 0
491 491 0 0 0 1 2 0 0 1 2 0 1 2 1 0 0 1 1 0 1 0 1 1 2 0 0 0 0 0 0 0 0 0 0 2 0 0 0 0 2 2 2 2 0 0 0 0 0
492 492 1 1 1 1 1 1 0 1 1 0 1 1 1 0 1 0 1 0 0 1 1 1 1 0 0 0 0 0 0 1 0 1 0 1 1 0 0 0 1 1 1 1 0 0 1 0 0
493 493 1 1 1 0 1 1 0 0 1 0 0 1 0 0 1 1 0 0 1 1 0 0 1 0 0 0 0 0 0 1 0 1 0 1 1 0 0 0 1 1 1 1 0 0 1 0 0
494 494 0 0 0 0 2 0 0 0 2 0 0 2 0 0 0 2 0 0 2 0 0 0 2 0 0 0 0 0 0 0 0 0 0 2 0 0 0 0 2 2 2 2 0 0 0 0 0
495 495 0 0 0 1 2 0 0 1 2 0 1 2 1 0 0 1 1 0 1 0 1 1 2 0 0 0 0 0 0 0 0 0 0 2 0 0 0 0 2 2 2 2 0 0 0 0 0
496 496 1 1 1 1 1 0 0 1 1 1 1 1 1 0 0 0 1 1 0 0 1 1 1 1 1 1 1 1 0 0 1 0 1 1 0 1 1 1 1 1 1 1 1 1 0 1 1
497 497 1 1 1 0 1 0 0 0 1 0 0 2 0 0 0 0 0 0 0 1 0 0 0 1 0 1 2 1 0 1 1 1 1 0 1 1 1 1 0 0 0 0 0 1 1 1 1
498 498 1 1 1 1 1 0 0 1 1 0 1 1 0 0 1 0 0 0 0 2 0 0 0 0 0 0 1 0 1 1 0 1 0 1 1 0 0 0 1 1 1 1 0 0 1 0 0
499 499 2 2 2 0 0 1 0 0 0 0 0 0 0 0 2 0 0 0 0 2 0 0 0 0 0 0 1 0 1 2 0 2 0 0 2 0 0 0 0 0 0 0 0 0 2 0 0
500 500 0 0 0 0 0 0 2 0 0 0 0 0 0 2 0 0 0 0 0 0 0 0 0 2 0 0 0 0 0 0 0 0 0 2 0 0 0 0 0 0 2 1 0 0 0 0 0
