"","info2","pos","maf"
"1",46730912,1,0.0669014084507042
"2",46731153,242,0
"3",46731463,552,0.0352112676056338
"4",46731528,617,0.0352112676056338
"5",46731780,869,0.0352112676056338
"6",46731989,1078,0.0563380281690141
"7",46732167,1256,0.0352112676056338
"8",46732384,1473,0.00352112676056338
"9",46733064,2153,0
"10",46733297,2386,0.00704225352112676
"11",46733409,2498,0.0704225352112676
"12",46733560,2649,0
"13",46733655,2744,0
"14",46733747,2836,0.00352112676056338
"15",46733912,3001,0.288732394366197
"16",46733916,3005,0.28169014084507
"17",46734022,3111,0.0352112676056338
"18",46734255,3344,0.214788732394366
"19",46734559,3648,0.00352112676056338
"20",46734619,3708,0.330985915492958
"21",46734626,3715,0.00352112676056338
"22",46734645,3734,0.00352112676056338
"23",46734681,3770,0.00352112676056338
"24",46734872,3961,0.0352112676056338
"25",46734893,3982,0.0774647887323944
"26",46734943,4032,0.165492957746479
"27",46735006,4095,0.0352112676056338
"28",46735010,4099,0.00704225352112676
"29",46735415,4504,0.221830985915493
"30",46735547,4636,0.0316901408450704
"31",46735569,4658,0.028169014084507
"32",46735706,4795,0.0422535211267606
"33",46735860,4949,0.00704225352112676
"34",46735942,5031,0.00352112676056338
"35",46735990,5079,0.00352112676056338
"36",46736150,5239,0
"37",46736155,5244,0.00352112676056338
"38",46736169,5258,0.0105633802816901
"39",46736180,5269,0.0176056338028169
"40",46736291,5380,0.00704225352112676
"41",46736366,5455,0.00704225352112676
"42",46736382,5471,0.186619718309859
"43",46736440,5529,0.0352112676056338
"44",46736528,5617,0.00352112676056338
"45",46736576,5665,0.147887323943662
"46",46736613,5702,0.140845070422535
"47",46736655,5744,0.0915492957746479
"48",46736688,5777,0.0915492957746479
"49",46736808,5897,0.00352112676056338
"50",46736889,5978,0.0352112676056338
"51",46736926,6015,0.0176056338028169
"52",46736956,6045,0.00352112676056338
"53",46737025,6114,0.0211267605633803
"54",46737073,6162,0
"55",46737136,6225,0.0563380281690141
"56",46737139,6228,0.0563380281690141
"57",46737221,6310,0.00352112676056338
"58",46737237,6326,0
"59",46737246,6335,0
"60",46737633,6722,0.0105633802816901
"61",46737645,6734,0.0105633802816901
"62",46737785,6874,0.00352112676056338
"63",46737889,6978,0.0105633802816901
"64",46738152,7241,0.00704225352112676
"65",46738217,7306,0.00704225352112676
"66",46738235,7324,0.00352112676056338
"67",46738310,7399,0.0105633802816901
"68",46738376,7465,0.0140845070422535
"69",46738505,7594,0.00704225352112676
"70",46738588,7677,0.0140845070422535
"71",46738774,7863,0.0422535211267606
"72",46738958,8047,0.00352112676056338
"73",46738993,8082,0.0316901408450704
"74",46739000,8089,0.0140845070422535
"75",46739032,8121,0.0457746478873239
"76",46739136,8225,0.0140845070422535
"77",46739231,8320,0.0140845070422535
"78",46739240,8329,0.0316901408450704
"79",46739256,8345,0.0140845070422535
"80",46739541,8630,0.00352112676056338
"81",46739855,8944,0.0140845070422535
"82",46739892,8981,0.0528169014084507
"83",46740179,9268,0.00352112676056338
"84",46740189,9278,0.00704225352112676
"85",46740573,9662,0.0316901408450704
"86",46740598,9687,0.0492957746478873
"87",46740652,9741,0.0316901408450704
"88",46740682,9771,0.00704225352112676
"89",46740684,9773,0.0246478873239437
"90",46740778,9867,0.00352112676056338
"91",46740810,9899,0.0316901408450704
"92",46740818,9907,0.0352112676056338
"93",46740847,9936,0.0422535211267606
"94",46740926,10015,0.00352112676056338
"95",46740937,10026,0.0316901408450704
"96",46740983,10072,0.0316901408450704
"97",46740996,10085,0.028169014084507
"98",46741047,10136,0.00704225352112676
"99",46741105,10194,0.00352112676056338
"100",46741227,10316,0.00352112676056338
"101",46741337,10426,0.0246478873239437
"102",46741392,10481,0.00352112676056338
"103",46741462,10551,0.028169014084507
"104",46741519,10608,0.0105633802816901
"105",46741568,10657,0.0316901408450704
"106",46741626,10715,0.0316901408450704
"107",46741632,10721,0.0387323943661972
"108",46741772,10861,0.0422535211267606
"109",46741806,10895,0.00352112676056338
"110",46741902,10991,0.0105633802816901
"111",46741915,11004,0.00352112676056338
"112",46742259,11348,0.0246478873239437
"113",46742424,11513,0.0422535211267606
"114",46742433,11522,0.0105633802816901
"115",46742525,11614,0.073943661971831
"116",46742567,11656,0.00352112676056338
"117",46742869,11958,0.0176056338028169
"118",46743245,12334,0.0422535211267606
"119",46743337,12426,0.0246478873239437
"120",46743573,12662,0.0105633802816901
"121",46743620,12709,0.0105633802816901
"122",46743958,13047,0.073943661971831
"123",46743990,13079,0.028169014084507
"124",46744074,13163,0.0422535211267606
"125",46744475,13564,0.073943661971831
"126",46745298,14387,0.00352112676056338
"127",46745548,14637,0.0176056338028169
"128",46745568,14657,0
"129",46745734,14823,0.0105633802816901
"130",46745748,14837,0.028169014084507
"131",46746055,15144,0.0387323943661972
"132",46746149,15238,0
"133",46746159,15248,0.0246478873239437
"134",46746214,15303,0.0387323943661972
"135",46746249,15338,0.0598591549295775
"136",46746714,15803,0.0211267605633803
"137",46746787,15876,0
"138",46747274,16363,0.0352112676056338
"139",46747320,16409,0.073943661971831
"140",46747817,16906,0.073943661971831
"141",46748008,17097,0.00704225352112676
"142",46748011,17100,0.00352112676056338
"143",46748034,17123,0
"144",46748116,17205,0
"145",46748136,17225,0
"146",46748232,17321,0.00352112676056338
"147",46748767,17856,0.073943661971831
"148",46748801,17890,0.0105633802816901
"149",46748810,17899,0.00352112676056338
"150",46748849,17938,0.0528169014084507
"151",46748892,17981,0.0563380281690141
"152",46748904,17993,0.0492957746478873
"153",46748909,17998,0.0457746478873239
"154",46748921,18010,0.0492957746478873
"155",46748933,18022,0.00352112676056338
"156",46749003,18092,0.0316901408450704
"157",46749006,18095,0.0316901408450704
"158",46749085,18174,0
"159",46749108,18197,0.0140845070422535
"160",46749119,18208,0
"161",46749159,18248,0.0528169014084507
"162",46749190,18279,0.00352112676056338
"163",46749626,18715,0.0387323943661972
"164",46749772,18861,0.00352112676056338
"165",46749889,18978,0.0387323943661972
"166",46749908,18997,0.00352112676056338
"167",46750187,19276,0.00352112676056338
"168",46750259,19348,0.00352112676056338
"169",46750343,19432,0
"170",46750442,19531,0.00352112676056338
"171",46750583,19672,0.0422535211267606
"172",46750644,19733,0.0105633802816901
"173",46750717,19806,0.0140845070422535
"174",46750912,20001,0.00352112676056338
"175",46751033,20122,0.00352112676056338
"176",46751147,20236,0.00704225352112676
"177",46751190,20279,0
"178",46751219,20308,0.00352112676056338
"179",46751275,20364,0.0387323943661972
"180",46751949,21038,0.00352112676056338
"181",46752133,21222,0.0387323943661972
"182",46752293,21382,0.00352112676056338
"183",46752369,21458,0.352112676056338
"184",46752392,21481,0.00352112676056338
"185",46752420,21509,0.0387323943661972
"186",46752541,21630,0.00704225352112676
"187",46752647,21736,0.00352112676056338
"188",46752964,22053,0
"189",46752993,22082,0.00352112676056338
"190",46753086,22175,0.00352112676056338
"191",46753283,22372,0.116197183098592
"192",46753290,22379,0.0105633802816901
"193",46753379,22468,0.0669014084507042
"194",46753495,22584,0.0387323943661972
"195",46753666,22755,0
"196",46753680,22769,0.0105633802816901
"197",46753711,22800,0.00352112676056338
"198",46753828,22917,0
"199",46753961,23050,0.0774647887323944
"200",46754034,23123,0.00704225352112676
"201",46754073,23162,0.00704225352112676
"202",46754078,23167,0.0105633802816901
"203",46754111,23200,0.0176056338028169
"204",46754144,23233,0.0176056338028169
"205",46754192,23281,0.0528169014084507
"206",46754194,23283,0.0176056338028169
"207",46754381,23470,0.00704225352112676
"208",46754533,23622,0.0704225352112676
"209",46754589,23678,0.00704225352112676
"210",46754714,23803,0.0985915492957746
"211",46754764,23853,0.00704225352112676
"212",46754915,24004,0.00352112676056338
"213",46754918,24007,0.00352112676056338
"214",46754982,24071,0.00704225352112676
"215",46755310,24399,0.0176056338028169
"216",46755438,24527,0.00704225352112676
"217",46755521,24610,0.0246478873239437
"218",46755613,24702,0.0845070422535211
"219",46755814,24903,0.0669014084507042
"220",46756048,25137,0.028169014084507
"221",46756118,25207,0.00352112676056338
"222",46756664,25753,0.0105633802816901
"223",46756697,25786,0.0246478873239437
"224",46756922,26011,0.00704225352112676
"225",46756983,26072,0.0246478873239437
"226",46757148,26237,0.0246478873239437
"227",46757489,26578,0
"228",46757546,26635,0.0598591549295775
"229",46757868,26957,0
"230",46758802,27891,0.028169014084507
"231",46758941,28030,0.0176056338028169
"232",46759058,28147,0
"233",46759354,28443,0
"234",46759742,28831,0
"235",46759981,29070,0.0176056338028169
"236",46760100,29189,0.028169014084507
"237",46760199,29288,0.00704225352112676
"238",46760283,29372,0.028169014084507
"239",46760909,29998,0.0457746478873239
"240",46760946,30035,0.0457746478873239
"241",46760994,30083,0.0457746478873239
"242",46761026,30115,0.0457746478873239
"243",46761398,30487,0
"244",46761401,30490,0.0105633802816901
"245",46761591,30680,0.073943661971831
"246",46761650,30739,0
"247",46762017,31106,0.0845070422535211
"248",46762157,31246,0.0246478873239437
"249",46762222,31311,0.0422535211267606
"250",46762288,31377,0.0316901408450704
"251",46762417,31506,0.0422535211267606
"252",46762497,31586,0.0316901408450704
"253",46762554,31643,0.00352112676056338
"254",46762559,31648,0.028169014084507
"255",46763040,32129,0
"256",46763154,32243,0.00352112676056338
"257",46763326,32415,0
"258",46763576,32665,0.00352112676056338
"259",46763623,32712,0.00352112676056338
"260",46763700,32789,0.00352112676056338
"261",46763706,32795,0.00352112676056338
"262",46763761,32850,0.00352112676056338
"263",46763908,32997,0.028169014084507
"264",46763913,33002,0.028169014084507
"265",46764212,33301,0.0176056338028169
"266",46764265,33354,0.073943661971831
"267",46764339,33428,0
"268",46764373,33462,0.0457746478873239
"269",46764829,33918,0.00352112676056338
"270",46764836,33925,0.0246478873239437
"271",46764847,33936,0.0246478873239437
"272",46764850,33939,0.0246478873239437
"273",46764965,34054,0.0140845070422535
"274",46765057,34146,0.00352112676056338
"275",46765123,34212,0.00352112676056338
"276",46765488,34577,0.00704225352112676
"277",46765509,34598,0
"278",46765616,34705,0.00352112676056338
"279",46766121,35210,0.0316901408450704
"280",46766179,35268,0.00704225352112676
"281",46766459,35548,0.0105633802816901
"282",46766521,35610,0.00352112676056338
"283",46766599,35688,0.0105633802816901
"284",46766638,35727,0.00352112676056338
"285",46766676,35765,0.00352112676056338
"286",46766782,35871,0.0140845070422535
"287",46766856,35945,0.00704225352112676
"288",46766917,36006,0.119718309859155
"289",46766979,36068,0.352112676056338
"290",46766989,36078,0.123239436619718
"291",46767023,36112,0.0140845070422535
"292",46767097,36186,0.00352112676056338
"293",46767173,36262,0.140845070422535
"294",46767306,36395,0.00352112676056338
"295",46767523,36612,0.00352112676056338
"296",46767662,36751,0.242957746478873
"297",46768054,37143,0.25
"298",46768280,37369,0
"299",46768356,37445,0
"300",46768404,37493,0.0105633802816901
"301",46768705,37794,0.179577464788732
"302",46768753,37842,0.362676056338028
"303",46768865,37954,0
"304",46768951,38040,0.00704225352112676
"305",46769229,38318,0.00704225352112676
"306",46769431,38520,0.00352112676056338
"307",46769894,38983,0.00704225352112676
"308",46770091,39180,0.00352112676056338
"309",46770129,39218,0.00704225352112676
"310",46770173,39262,0.154929577464789
"311",46770284,39373,0.0105633802816901
"312",46770555,39644,0.00352112676056338
"313",46770878,39967,0.0140845070422535
"314",46771038,40127,0.133802816901408
"315",46771243,40332,0.0176056338028169
"316",46771574,40663,0.00704225352112676
"317",46772122,41211,0
"318",46772151,41240,0
"319",46772188,41277,0.0140845070422535
"320",46772351,41440,0.133802816901408
"321",46772648,41737,0.00352112676056338
"322",46772832,41921,0
"323",46772882,41971,0.126760563380282
"324",46772951,42040,0.00352112676056338
"325",46772983,42072,0
"326",46772992,42081,0.313380281690141
"327",46773018,42107,0
"328",46773342,42431,0.323943661971831
"329",46773829,42918,0.0105633802816901
"330",46773867,42956,0
"331",46774006,43095,0.0105633802816901
"332",46774024,43113,0.00352112676056338
"333",46774360,43449,0.22887323943662
"334",46774409,43498,0.186619718309859
"335",46774445,43534,0.00352112676056338
"336",46774614,43703,0
"337",46774766,43855,0.0809859154929577
"338",46775127,44216,0.21830985915493
"339",46775187,44276,0.0563380281690141
"340",46775379,44468,0.00352112676056338
"341",46775397,44486,0
"342",46775474,44563,0.00352112676056338
"343",46775495,44584,0.267605633802817
"344",46775840,44929,0
"345",46775842,44931,0.00704225352112676
"346",46776074,45163,0
"347",46776156,45245,0.295774647887324
"348",46776309,45398,0.211267605633803
"349",46776351,45440,0.00352112676056338
"350",46776452,45541,0.00352112676056338
"351",46776467,45556,0.0528169014084507
"352",46776490,45579,0.394366197183099
"353",46776536,45625,0
"354",46777028,46117,0.0140845070422535
"355",46777418,46507,0.00352112676056338
"356",46777444,46533,0
"357",46777445,46534,0.00352112676056338
"358",46777507,46596,0.246478873239437
"359",46777763,46852,0
"360",46777786,46875,0.0105633802816901
"361",46778034,47123,0.0140845070422535
"362",46778093,47182,0.408450704225352
"363",46778094,47183,0.00352112676056338
"364",46778469,47558,0.00352112676056338
"365",46778924,48013,0.214788732394366
"366",46779020,48109,0.23943661971831
"367",46779039,48128,0.246478873239437
"368",46779045,48134,0.22887323943662
"369",46779053,48142,0.00704225352112676
"370",46779067,48156,0.0176056338028169
"371",46779090,48179,0
"372",46779093,48182,0.140845070422535
"373",46779310,48399,0.376760563380282
"374",46779366,48455,0.00352112676056338
"375",46779412,48501,0.00352112676056338
"376",46779448,48537,0
"377",46779508,48597,0.0105633802816901
"378",46779516,48605,0.00352112676056338
"379",46779538,48627,0.00352112676056338
"380",46779579,48668,0.0140845070422535
"381",46779600,48689,0.401408450704225
"382",46779610,48699,0.232394366197183
"383",46779623,48712,0
"384",46779644,48733,0.00352112676056338
"385",46779663,48752,0
"386",46779687,48776,0.369718309859155
"387",46779708,48797,0.380281690140845
"388",46779732,48821,0.376760563380282
"389",46779738,48827,0.373239436619718
"390",46779758,48847,0.0105633802816901
"391",46779804,48893,0.00352112676056338
"392",46780179,49268,0.369718309859155
"393",46780193,49282,0.369718309859155
"394",46780225,49314,0.369718309859155
"395",46780298,49387,0.390845070422535
"396",46780335,49424,0.369718309859155
"397",46780394,49483,0.380281690140845
"398",46780477,49566,0.380281690140845
"399",46780563,49652,0.00352112676056338
"400",46780626,49715,0.387323943661972
"401",46780654,49743,0.0105633802816901
"402",46780815,49904,0.00352112676056338
"403",46780822,49911,0.411971830985915
"404",46781122,50211,0
"405",46781153,50242,0.383802816901408
"406",46781204,50293,0.00352112676056338
"407",46781371,50460,0.366197183098592
"408",46781376,50465,0.369718309859155
"409",46781539,50628,0.369718309859155
"410",46781618,50707,0.373239436619718
"411",46781620,50709,0.0457746478873239
"412",46781674,50763,0.0140845070422535
"413",46781701,50790,0.165492957746479
"414",46781774,50863,0.369718309859155
"415",46781892,50981,0.320422535211268
"416",46781916,51005,0.00352112676056338
"417",46782197,51286,0
"418",46782281,51370,0.369718309859155
"419",46782577,51666,0.369718309859155
"420",46782593,51682,0
"421",46782606,51695,0.267605633802817
"422",46782632,51721,0.0809859154929577
"423",46783005,52094,0.376760563380282
"424",46783011,52100,0.00352112676056338
"425",46783103,52192,0.00352112676056338
"426",46783234,52323,0.00704225352112676
"427",46783256,52345,0.373239436619718
"428",46783307,52396,0.00352112676056338
"429",46783398,52487,0.373239436619718
"430",46783474,52563,0.380281690140845
"431",46783542,52631,0.00352112676056338
"432",46783581,52670,0.00352112676056338
"433",46783687,52776,0.0669014084507042
"434",46783732,52821,0.028169014084507
"435",46783765,52854,0.380281690140845
"436",46783787,52876,0.221830985915493
"437",46783820,52909,0
"438",46783877,52966,0.380281690140845
"439",46783892,52981,0.0105633802816901
"440",46783947,53036,0.383802816901408
"441",46784081,53170,0.00352112676056338
"442",46784217,53306,0.376760563380282
"443",46784340,53429,0.21830985915493
"444",46784392,53481,0.390845070422535
"445",46784414,53503,0.0105633802816901
"446",46784615,53704,0.390845070422535
"447",46784637,53726,0.390845070422535
"448",46784660,53749,0.394366197183099
"449",46784760,53849,0.380281690140845
"450",46784790,53879,0.355633802816901
"451",46784860,53949,0.0704225352112676
"452",46784881,53970,0.387323943661972
"453",46784922,54011,0.00352112676056338
"454",46784958,54047,0
"455",46785032,54121,0.00352112676056338
"456",46785205,54294,0
"457",46785211,54300,0.355633802816901
"458",46785269,54358,0.0140845070422535
"459",46785290,54379,0.0774647887323944
"460",46785321,54410,0.0774647887323944
"461",46785327,54416,0.0845070422535211
"462",46785340,54429,0.0774647887323944
"463",46785458,54547,0.0809859154929577
"464",46785476,54565,0.0774647887323944
"465",46785533,54622,0.00352112676056338
"466",46785552,54641,0.00352112676056338
"467",46785590,54679,0.0774647887323944
"468",46785644,54733,0.00352112676056338
"469",46785684,54773,0
"470",46785698,54787,0.221830985915493
"471",46785708,54797,0.0774647887323944
"472",46785727,54816,0.0140845070422535
"473",46785817,54906,0.0774647887323944
"474",46785859,54948,0.0774647887323944
"475",46785940,55029,0.00352112676056338
"476",46785978,55067,0.0422535211267606
"477",46786051,55140,0.0140845070422535
"478",46786083,55172,0
"479",46786265,55354,0.028169014084507
"480",46786406,55495,0.369718309859155
"481",46786535,55624,0.306338028169014
"482",46786695,55784,0.00352112676056338
"483",46786757,55846,0.00352112676056338
"484",46786804,55893,0.00352112676056338
"485",46786896,55985,0.299295774647887
"486",46786927,56016,0.221830985915493
"487",46786950,56039,0.00704225352112676
"488",46787068,56157,0.00352112676056338
"489",46787126,56215,0.0774647887323944
"490",46787357,56446,0.299295774647887
"491",46787483,56572,0.299295774647887
"492",46787580,56669,0.299295774647887
"493",46787636,56725,0.116197183098592
"494",46787745,56834,0.309859154929577
"495",46787833,56922,0.00352112676056338
"496",46788020,57109,0.376760563380282
"497",46788067,57156,0.376760563380282
"498",46788096,57185,0.25
"499",46788233,57322,0.376760563380282
"500",46788335,57424,0.0492957746478873
"501",46788392,57481,0.376760563380282
"502",46788409,57498,0.376760563380282
"503",46788810,57899,0.0140845070422535
"504",46789032,58121,0.373239436619718
"505",46789224,58313,0.373239436619718
"506",46789240,58329,0.0492957746478873
"507",46789332,58421,0.0105633802816901
"508",46789359,58448,0.00704225352112676
"509",46789488,58577,0.221830985915493
"510",46789516,58605,0.373239436619718
"511",46789534,58623,0.373239436619718
"512",46789719,58808,0.373239436619718
"513",46789746,58835,0.00352112676056338
"514",46789747,58836,0
"515",46789904,58993,0.0140845070422535
"516",46790036,59125,0.373239436619718
"517",46790081,59170,0.073943661971831
"518",46790202,59291,0.373239436619718
"519",46790203,59292,0.00704225352112676
"520",46790302,59391,0.373239436619718
"521",46790358,59447,0.00352112676056338
"522",46790407,59496,0.373239436619718
"523",46790514,59603,0.00352112676056338
"524",46790606,59695,0.376760563380282
"525",46790710,59799,0.373239436619718
"526",46790745,59834,0.232394366197183
"527",46790843,59932,0.00352112676056338
"528",46790863,59952,0.0140845070422535
"529",46790921,60010,0.373239436619718
"530",46790972,60061,0.00352112676056338
"531",46790996,60085,0.373239436619718
"532",46791291,60380,0.373239436619718
"533",46791339,60428,0.376760563380282
"534",46791361,60450,0.028169014084507
"535",46791379,60468,0.00352112676056338
"536",46791436,60525,0.0598591549295775
"537",46791472,60561,0.00704225352112676
"538",46791490,60579,0.00352112676056338
"539",46791545,60634,0.00352112676056338
"540",46791559,60648,0.373239436619718
"541",46791589,60678,0.00352112676056338
"542",46791934,61023,0.22887323943662
"543",46791939,61028,0.225352112676056
"544",46792003,61092,0.376760563380282
"545",46792151,61240,0.380281690140845
"546",46792171,61260,0.0105633802816901
"547",46792175,61264,0.0598591549295775
"548",46792179,61268,0
"549",46792184,61273,0.320422535211268
"550",46792295,61384,0.380281690140845
"551",46792312,61401,0.380281690140845
"552",46792336,61425,0.00352112676056338
"553",46792652,61741,0.373239436619718
"554",46792666,61755,0.373239436619718
"555",46792673,61762,0.373239436619718
"556",46792871,61960,0.373239436619718
"557",46792893,61982,0.0176056338028169
"558",46792915,62004,0.373239436619718
"559",46792958,62047,0.00704225352112676
"560",46793041,62130,0.376760563380282
"561",46793248,62337,0.373239436619718
"562",46793278,62367,0.373239436619718
"563",46793463,62552,0.373239436619718
"564",46793487,62576,0.373239436619718
"565",46793521,62610,0.0598591549295775
"566",46793537,62626,0.0140845070422535
"567",46793549,62638,0.376760563380282
"568",46793561,62650,0.373239436619718
"569",46793566,62655,0.323943661971831
"570",46793674,62763,0.380281690140845
"571",46793688,62777,0.376760563380282
"572",46793936,63025,0.373239436619718
"573",46793957,63046,0.0598591549295775
"574",46793970,63059,0.373239436619718
"575",46794010,63099,0.376760563380282
"576",46794034,63123,0
"577",46794260,63349,0.0598591549295775
"578",46794271,63360,0.373239436619718
"579",46794346,63435,0.373239436619718
"580",46794569,63658,0.0140845070422535
"581",46794632,63721,0
"582",46794770,63859,0.00352112676056338
"583",46794772,63861,0.0704225352112676
"584",46795043,64132,0.00352112676056338
"585",46795067,64156,0.22887323943662
"586",46795107,64196,0.327464788732394
"587",46795109,64198,0.22887323943662
"588",46795116,64205,0.00352112676056338
"589",46795133,64222,0.00352112676056338
"590",46795171,64260,0.225352112676056
"591",46795182,64271,0.00352112676056338
"592",46795493,64582,0.376760563380282
"593",46795762,64851,0.00352112676056338
"594",46795807,64896,0.0105633802816901
"595",46795884,64973,0.22887323943662
"596",46795976,65065,0.00352112676056338
"597",46796006,65095,0.00704225352112676
"598",46796033,65122,0.22887323943662
"599",46796178,65267,0.22887323943662
"600",46796336,65425,0.00352112676056338
"601",46796393,65482,0.0105633802816901
"602",46796418,65507,0.22887323943662
"603",46796502,65591,0.22887323943662
"604",46796674,65763,0.00352112676056338
"605",46796828,65917,0
"606",46796840,65929,0.028169014084507
"607",46796845,65934,0.0316901408450704
"608",46796856,65945,0.028169014084507
"609",46796869,65958,0
"610",46796891,65980,0.0352112676056338
"611",46796907,65996,0.154929577464789
"612",46796913,66002,0.151408450704225
"613",46796918,66007,0.158450704225352
"614",46796930,66019,0.158450704225352
"615",46796958,66047,0.0140845070422535
"616",46796959,66048,0.102112676056338
"617",46796964,66053,0.320422535211268
"618",46796968,66057,0.348591549295775
"619",46796982,66071,0.0528169014084507
"620",46797016,66105,0
"621",46797019,66108,0
"622",46797026,66115,0
"623",46797031,66120,0
"624",46797034,66123,0
"625",46797038,66127,0.00352112676056338
"626",46797051,66140,0
"627",46797087,66176,0
"628",46797194,66283,0.225352112676056
"629",46797233,66322,0.22887323943662
"630",46797290,66379,0.22887323943662
"631",46797295,66384,0.225352112676056
"632",46797489,66578,0.00352112676056338
"633",46797520,66609,0.327464788732394
"634",46797524,66613,0.00352112676056338
"635",46797830,66919,0.221830985915493
"636",46797848,66937,0.0105633802816901
"637",46797901,66990,0
"638",46798051,67140,0.00704225352112676
"639",46798606,67695,0.00352112676056338
"640",46798857,67946,0.00352112676056338
"641",46799002,68091,0.0105633802816901
"642",46799235,68324,0.0176056338028169
"643",46799395,68484,0.00704225352112676
"644",46799835,68924,0.21830985915493
"645",46799868,68957,0.21830985915493
"646",46799914,69003,0.323943661971831
"647",46800023,69112,0.00704225352112676
"648",46800197,69286,0.22887323943662
"649",46800228,69317,0.232394366197183
"650",46800433,69522,0.274647887323944
"651",46800570,69659,0.00352112676056338
"652",46800594,69683,0.00352112676056338
"653",46800633,69722,0.0704225352112676
"654",46801020,70109,0.0140845070422535
"655",46801080,70169,0.0704225352112676
"656",46801194,70283,0.00352112676056338
"657",46801442,70531,0.21830985915493
"658",46801612,70701,0.00704225352112676
"659",46802122,71211,0.274647887323944
"660",46802477,71566,0.00352112676056338
"661",46802588,71677,0.214788732394366
"662",46802659,71748,0.00704225352112676
"663",46802696,71785,0.0140845070422535
"664",46802752,71841,0.00352112676056338
"665",46802811,71900,0.165492957746479
"666",46803073,72162,0.00352112676056338
"667",46803650,72739,0.00704225352112676
"668",46803802,72891,0.274647887323944
"669",46803875,72964,0.21830985915493
"670",46803983,73072,0.00352112676056338
"671",46804097,73186,0
"672",46804203,73292,0.274647887323944
"673",46804247,73336,0.00352112676056338
"674",46804685,73774,0.00352112676056338
"675",46804707,73796,0.21830985915493
"676",46804791,73880,0.176056338028169
"677",46805392,74481,0.211267605633803
"678",46805409,74498,0.0809859154929577
"679",46805444,74533,0.362676056338028
"680",46805458,74547,0.0176056338028169
"681",46805532,74621,0.221830985915493
"682",46806014,75103,0.0457746478873239
"683",46806067,75156,0.214788732394366
"684",46806257,75346,0.221830985915493
"685",46806259,75348,0.0105633802816901
"686",46806327,75416,0.00704225352112676
"687",46806367,75456,0.00352112676056338
"688",46806413,75502,0.0105633802816901
"689",46806527,75616,0.221830985915493
"690",46806630,75719,0.211267605633803
"691",46806907,75996,0
"692",46807088,76177,0.00352112676056338
"693",46807370,76459,0.00352112676056338
"694",46807589,76678,0.0845070422535211
"695",46807782,76871,0.00704225352112676
"696",46807950,77039,0.00352112676056338
"697",46807967,77056,0.00704225352112676
"698",46808371,77460,0.0809859154929577
"699",46808935,78024,0
"700",46809152,78241,0.299295774647887
"701",46809199,78288,0.288732394366197
"702",46809252,78341,0.288732394366197
"703",46809290,78379,0.288732394366197
"704",46810398,79487,0.0105633802816901
"705",46810691,79780,0.292253521126761
"706",46810732,79821,0
"707",46810856,79945,0.0140845070422535
"708",46810862,79951,0.288732394366197
"709",46810991,80080,0.21830985915493
"710",46811041,80130,0.288732394366197
"711",46811116,80205,0.21830985915493
"712",46811146,80235,0.00352112676056338
"713",46811240,80329,0.221830985915493
"714",46811244,80333,0.0105633802816901
"715",46811260,80349,0.0528169014084507
"716",46811264,80353,0.00704225352112676
"717",46811388,80477,0.0176056338028169
"718",46811390,80479,0.00352112676056338
"719",46811435,80524,0.00352112676056338
"720",46811731,80820,0.00352112676056338
"721",46811766,80855,0.22887323943662
"722",46811815,80904,0.285211267605634
"723",46811857,80946,0.165492957746479
"724",46811888,80977,0
"725",46811901,80990,0.00352112676056338
"726",46811984,81073,0.214788732394366
"727",46812126,81215,0.197183098591549
"728",46812166,81255,0.0140845070422535
"729",46812336,81425,0.246478873239437
"730",46812451,81540,0.0422535211267606
"731",46812682,81771,0.147887323943662
"732",46812826,81915,0.0563380281690141
"733",46812907,81996,0.366197183098592
"734",46812910,81999,0.00704225352112676
"735",46812966,82055,0.147887323943662
"736",46813069,82158,0
"737",46813110,82199,0
"738",46813120,82209,0.362676056338028
"739",46813337,82426,0.355633802816901
"740",46813343,82432,0.147887323943662
"741",46813407,82496,0.355633802816901
"742",46813431,82520,0.00352112676056338
"743",46813461,82550,0.27112676056338
"744",46813542,82631,0.00704225352112676
"745",46813780,82869,0
"746",46813803,82892,0.00704225352112676
"747",46814003,83092,0.23943661971831
"748",46814132,83221,0
"749",46814194,83283,0.0492957746478873
"750",46814610,83699,0.00352112676056338
"751",46814742,83831,0.00352112676056338
"752",46814781,83870,0.00352112676056338
"753",46814806,83895,0.165492957746479
"754",46814832,83921,0.0105633802816901
"755",46815071,84160,0.0563380281690141
"756",46815154,84243,0.00352112676056338
"757",46815297,84386,0.165492957746479
"758",46815310,84399,0.235915492957746
"759",46815373,84462,0.0105633802816901
"760",46815499,84588,0.179577464788732
"761",46815524,84613,0.00352112676056338
"762",46815705,84794,0.369718309859155
"763",46815711,84800,0.274647887323944
"764",46815740,84829,0.00352112676056338
"765",46816054,85143,0
"766",46816088,85177,0.0105633802816901
"767",46816605,85694,0.00704225352112676
"768",46816788,85877,0.355633802816901
"769",46816959,86048,0.00352112676056338
"770",46817128,86217,0
"771",46817166,86255,0.0246478873239437
"772",46817290,86379,0.0246478873239437
"773",46817446,86535,0.235915492957746
"774",46817460,86549,0.235915492957746
"775",46817505,86594,0.221830985915493
"776",46817522,86611,0.355633802816901
"777",46817532,86621,0.0211267605633803
"778",46817536,86625,0
"779",46817691,86780,0.161971830985915
"780",46817702,86791,0
"781",46817827,86916,0
"782",46818013,87102,0.00704225352112676
"783",46818112,87201,0.0176056338028169
"784",46818124,87213,0.00352112676056338
"785",46818151,87240,0.00352112676056338
"786",46818258,87347,0.00704225352112676
"787",46818468,87557,0
"788",46818526,87615,0.0387323943661972
"789",46818546,87635,0
"790",46818590,87679,0.0105633802816901
"791",46818594,87683,0.0140845070422535
"792",46818604,87693,0.0140845070422535
"793",46818613,87702,0.0246478873239437
"794",46818616,87705,0.0246478873239437
"795",46818620,87709,0.028169014084507
"796",46818717,87806,0.242957746478873
"797",46818721,87810,0.0598591549295775
"798",46818738,87827,0.00704225352112676
"799",46818855,87944,0.00352112676056338
"800",46818908,87997,0.211267605633803
"801",46818923,88012,0
"802",46819000,88089,0.00352112676056338
"803",46819008,88097,0.00352112676056338
"804",46819021,88110,0.235915492957746
"805",46819024,88113,0.00352112676056338
"806",46819102,88191,0.147887323943662
"807",46819450,88539,0.00704225352112676
"808",46819616,88705,0.00704225352112676
"809",46819886,88975,0.00352112676056338
"810",46819928,89017,0.00352112676056338
"811",46819992,89081,0.176056338028169
"812",46820096,89185,0.0246478873239437
"813",46820252,89341,0.158450704225352
"814",46820322,89411,0.186619718309859
"815",46820425,89514,0.00704225352112676
"816",46820426,89515,0.00352112676056338
"817",46820537,89626,0.0246478873239437
"818",46820558,89647,0.00704225352112676
"819",46820697,89786,0.0105633802816901
"820",46820784,89873,0.0246478873239437
"821",46821017,90106,0
"822",46821077,90166,0.0598591549295775
"823",46821445,90534,0.355633802816901
"824",46821539,90628,0.235915492957746
"825",46821578,90667,0.186619718309859
"826",46821610,90699,0.00352112676056338
"827",46821668,90757,0.21830985915493
"828",46821754,90843,0.00352112676056338
"829",46821784,90873,0.232394366197183
"830",46821787,90876,0.232394366197183
"831",46821840,90929,0.00352112676056338
"832",46821882,90971,0.235915492957746
"833",46821905,90994,0.235915492957746
"834",46822015,91104,0.00704225352112676
"835",46822296,91385,0.183098591549296
"836",46822454,91543,0.00704225352112676
"837",46822455,91544,0.00352112676056338
"838",46822468,91557,0.0105633802816901
"839",46822760,91849,0.183098591549296
"840",46822801,91890,0.235915492957746
"841",46822863,91952,0
"842",46822971,92060,0.0105633802816901
"843",46822993,92082,0.00352112676056338
"844",46823002,92091,0.235915492957746
"845",46823036,92125,0.235915492957746
"846",46823194,92283,0.235915492957746
"847",46823208,92297,0
"848",46823303,92392,0.235915492957746
"849",46823316,92405,0.00352112676056338
"850",46823476,92565,0.00704225352112676
"851",46823488,92577,0.25
"852",46823702,92791,0.295774647887324
"853",46823751,92840,0.242957746478873
"854",46823803,92892,0.00352112676056338
"855",46824016,93105,0.285211267605634
"856",46824330,93419,0.00704225352112676
"857",46824425,93514,0.0105633802816901
"858",46824557,93646,0.0704225352112676
"859",46824567,93656,0.00704225352112676
"860",46824859,93948,0.0774647887323944
"861",46824904,93993,0.390845070422535
"862",46825043,94132,0
"863",46825067,94156,0.0246478873239437
"864",46825135,94224,0.00704225352112676
"865",46825241,94330,0.00704225352112676
"866",46825714,94803,0.320422535211268
"867",46825775,94864,0.0492957746478873
"868",46825877,94966,0.00352112676056338
"869",46826017,95106,0
"870",46826154,95243,0.00704225352112676
"871",46826219,95308,0.00704225352112676
"872",46826238,95327,0.00352112676056338
"873",46826254,95343,0
"874",46826273,95362,0
"875",46826329,95418,0.327464788732394
"876",46826497,95586,0
"877",46826649,95738,0.00704225352112676
"878",46826854,95943,0.00704225352112676
"879",46826962,96051,0.0422535211267606
"880",46827037,96126,0.0704225352112676
"881",46827117,96206,0.00352112676056338
"882",46827437,96526,0.0176056338028169
"883",46827829,96918,0.334507042253521
"884",46827837,96926,0
"885",46827975,97064,0
"886",46827984,97073,0.00704225352112676
"887",46828067,97156,0.00704225352112676
"888",46828460,97549,0
"889",46828693,97782,0.00352112676056338
"890",46828719,97808,0.00704225352112676
"891",46828843,97932,0
"892",46829154,98243,0
"893",46829210,98299,0
"894",46829324,98413,0.00704225352112676
"895",46829562,98651,0
"896",46829653,98742,0
"897",46829842,98931,0
"898",46830079,99168,0.242957746478873
"899",46830137,99226,0.00352112676056338
"900",46830213,99302,0.0140845070422535
"901",46830418,99507,0.00352112676056338
"902",46830420,99509,0.0140845070422535
"903",46830434,99523,0
"904",46830459,99548,0
"905",46830633,99722,0.0140845070422535
"906",46830634,99723,0
"907",46830686,99775,0.00352112676056338
"908",46830687,99776,0.0387323943661972
"909",46830795,99884,0.00352112676056338
"910",46830817,99906,0
"911",46831026,100115,0.00704225352112676
"912",46831078,100167,0.0704225352112676
"913",46831534,100623,0.00352112676056338
"914",46831682,100771,0
"915",46831835,100924,0.028169014084507
"916",46832998,102087,0.00704225352112676
"917",46833051,102140,0
"918",46833075,102164,0.00352112676056338
"919",46833623,102712,0
