"","info2","pos","maf"
"1",45508697,1,0
"2",45509006,310,0.00352112676056338
"3",45509024,328,0.179577464788732
"4",45509144,448,0.00352112676056338
"5",45509194,498,0.00352112676056338
"6",45509502,806,0.00352112676056338
"7",45509663,967,0.00352112676056338
"8",45509760,1064,0.00352112676056338
"9",45509935,1239,0
"10",45509942,1246,0
"11",45510121,1425,0
"12",45510174,1478,0.00352112676056338
"13",45510268,1572,0.00352112676056338
"14",45510639,1943,0.00352112676056338
"15",45511066,2370,0
"16",45511140,2444,0.193661971830986
"17",45511444,2748,0.0211267605633803
"18",45511784,3088,0.00352112676056338
"19",45512123,3427,0
"20",45512228,3532,0.0176056338028169
"21",45512364,3668,0.00704225352112676
"22",45512388,3692,0.00352112676056338
"23",45512415,3719,0.0140845070422535
"24",45512425,3729,0
"25",45512463,3767,0.00352112676056338
"26",45512464,3768,0.207746478873239
"27",45512506,3810,0
"28",45512676,3980,0.0176056338028169
"29",45512715,4019,0.00352112676056338
"30",45512954,4258,0
"31",45513236,4540,0.105633802816901
"32",45513417,4721,0.102112676056338
"33",45513422,4726,0.00704225352112676
"34",45513458,4762,0.00704225352112676
"35",45513498,4802,0.211267605633803
"36",45513551,4855,0.193661971830986
"37",45513615,4919,0.207746478873239
"38",45513709,5013,0.00352112676056338
"39",45513739,5043,0.00704225352112676
"40",45513774,5078,0.00704225352112676
"41",45513787,5091,0
"42",45513854,5158,0
"43",45514061,5365,0.00704225352112676
"44",45514087,5391,0.00352112676056338
"45",45514352,5656,0
"46",45514449,5753,0.376760563380282
"47",45514472,5776,0.105633802816901
"48",45514489,5793,0
"49",45514490,5794,0.0105633802816901
"50",45514505,5809,0.00704225352112676
"51",45514550,5854,0.394366197183099
"52",45514701,6005,0.193661971830986
"53",45514746,6050,0.00704225352112676
"54",45514792,6096,0.00704225352112676
"55",45514855,6159,0.0140845070422535
"56",45515148,6452,0.00704225352112676
"57",45515853,7157,0.00352112676056338
"58",45515925,7229,0.00704225352112676
"59",45516002,7306,0.0105633802816901
"60",45516050,7354,0.345070422535211
"61",45516091,7395,0.00352112676056338
"62",45516137,7441,0.00704225352112676
"63",45516386,7690,0.00704225352112676
"64",45516469,7773,0.190140845070423
"65",45516631,7935,0.109154929577465
"66",45516703,8007,0.00704225352112676
"67",45516749,8053,0.0105633802816901
"68",45516881,8185,0.112676056338028
"69",45517217,8521,0
"70",45517497,8801,0.112676056338028
"71",45517924,9228,0.00352112676056338
"72",45518110,9414,0.00352112676056338
"73",45518223,9527,0.341549295774648
"74",45518246,9550,0.00704225352112676
"75",45518345,9649,0
"76",45518539,9843,0.00352112676056338
"77",45518837,10141,0.00704225352112676
"78",45518988,10292,0.211267605633803
"79",45519100,10404,0.355633802816901
"80",45519144,10448,0
"81",45519492,10796,0.00352112676056338
"82",45519567,10871,0
"83",45519772,11076,0
"84",45520034,11338,0.00704225352112676
"85",45520285,11589,0.00704225352112676
"86",45520959,12263,0.0140845070422535
"87",45521044,12348,0.0140845070422535
"88",45521166,12470,0.00352112676056338
"89",45521193,12497,0.00352112676056338
"90",45521385,12689,0
"91",45521426,12730,0.383802816901408
"92",45521487,12791,0.00704225352112676
"93",45521504,12808,0.00704225352112676
"94",45521598,12902,0
"95",45521610,12914,0.366197183098592
"96",45521834,13138,0.00704225352112676
"97",45522060,13364,0.00352112676056338
"98",45522091,13395,0.172535211267606
"99",45522122,13426,0
"100",45522210,13514,0.172535211267606
"101",45522236,13540,0
"102",45522289,13593,0
"103",45522320,13624,0
"104",45522405,13709,0
"105",45522435,13739,0.00352112676056338
"106",45522444,13748,0
"107",45522452,13756,0.00704225352112676
"108",45522615,13919,0.00352112676056338
"109",45522643,13947,0.0140845070422535
"110",45522673,13977,0
"111",45522732,14036,0.193661971830986
"112",45522998,14302,0.348591549295775
"113",45523061,14365,0.00352112676056338
"114",45523127,14431,0.116197183098592
"115",45523163,14467,0
"116",45523171,14475,0
"117",45523369,14673,0.348591549295775
"118",45523402,14706,0.00352112676056338
"119",45523453,14757,0
"120",45523459,14763,0.341549295774648
"121",45523583,14887,0.264084507042254
"122",45523846,15150,0.00352112676056338
"123",45523876,15180,0.00352112676056338
"124",45523877,15181,0.00352112676056338
"125",45523884,15188,0.380281690140845
"126",45523901,15205,0.0352112676056338
"127",45524015,15319,0.00352112676056338
"128",45524036,15340,0.362676056338028
"129",45524119,15423,0.0211267605633803
"130",45524292,15596,0.00352112676056338
"131",45524364,15668,0.0105633802816901
"132",45524444,15748,0.0140845070422535
"133",45524547,15851,0.00352112676056338
"134",45524553,15857,0.0316901408450704
"135",45524593,15897,0
"136",45524679,15983,0.204225352112676
"137",45524862,16166,0.172535211267606
"138",45524993,16297,0.00352112676056338
"139",45525038,16342,0.00704225352112676
"140",45525489,16793,0.0246478873239437
"141",45525921,17225,0.0387323943661972
"142",45526097,17401,0
"143",45526651,17955,0.0176056338028169
"144",45526758,18062,0.00352112676056338
"145",45526819,18123,0.00352112676056338
"146",45526841,18145,0.00352112676056338
"147",45526897,18201,0.00352112676056338
"148",45527065,18369,0.00704225352112676
"149",45527568,18872,0.257042253521127
"150",45527641,18945,0.00704225352112676
"151",45527712,19016,0.00352112676056338
"152",45527856,19160,0.00704225352112676
"153",45528158,19462,0
"154",45528379,19683,0.00352112676056338
"155",45528511,19815,0.00352112676056338
"156",45528550,19854,0.00352112676056338
"157",45528573,19877,0.00352112676056338
"158",45528710,20014,0.00352112676056338
"159",45528799,20103,0.376760563380282
"160",45529707,21011,0.373239436619718
"161",45529847,21151,0.00704225352112676
"162",45530006,21310,0.373239436619718
"163",45530213,21517,0
"164",45530214,21518,0.00352112676056338
"165",45530351,21655,0.257042253521127
"166",45530477,21781,0.00704225352112676
"167",45530552,21856,0.140845070422535
"168",45531052,22356,0
"169",45531163,22467,0.00352112676056338
"170",45531343,22647,0.00352112676056338
"171",45531380,22684,0.0105633802816901
"172",45531455,22759,0.00352112676056338
"173",45531516,22820,0.00704225352112676
"174",45531882,23186,0.00704225352112676
"175",45531887,23191,0
"176",45532009,23313,0.373239436619718
"177",45532395,23699,0
"178",45532445,23749,0.0105633802816901
"179",45532458,23762,0.00352112676056338
"180",45532628,23932,0
"181",45532834,24138,0.00352112676056338
"182",45533223,24527,0.00352112676056338
"183",45533254,24558,0.00352112676056338
"184",45533524,24828,0.00352112676056338
"185",45533612,24916,0.0105633802816901
"186",45533760,25064,0
"187",45534041,25345,0.373239436619718
"188",45534354,25658,0
"189",45534360,25664,0.028169014084507
"190",45534380,25684,0
"191",45534462,25766,0.0105633802816901
"192",45534468,25772,0
"193",45534489,25793,0.00704225352112676
"194",45534491,25795,0
"195",45534499,25803,0
"196",45534632,25936,0
"197",45534715,26019,0.00352112676056338
"198",45534750,26054,0
"199",45534994,26298,0.253521126760563
"200",45535044,26348,0.00352112676056338
"201",45535045,26349,0
"202",45535310,26614,0.394366197183099
"203",45535386,26690,0
"204",45535516,26820,0.0140845070422535
"205",45535534,26838,0.00352112676056338
"206",45535571,26875,0.00352112676056338
"207",45535660,26964,0.00352112676056338
"208",45536036,27340,0.341549295774648
"209",45536061,27365,0.0176056338028169
"210",45536215,27519,0.0246478873239437
"211",45536573,27877,0.130281690140845
"212",45536640,27944,0.0140845070422535
"213",45536868,28172,0.00704225352112676
"214",45537020,28324,0.0176056338028169
"215",45537105,28409,0
"216",45537170,28474,0.0105633802816901
"217",45537532,28836,0.00352112676056338
"218",45537779,29083,0
"219",45537823,29127,0
"220",45537927,29231,0
"221",45537961,29265,0.00352112676056338
"222",45537999,29303,0.00352112676056338
"223",45538100,29404,0.0669014084507042
"224",45538938,30242,0
"225",45539836,31140,0.0105633802816901
"226",45540036,31340,0.00352112676056338
"227",45540213,31517,0
"228",45540366,31670,0.0105633802816901
"229",45540464,31768,0.00352112676056338
"230",45540501,31805,0.0140845070422535
"231",45540616,31920,0.00352112676056338
"232",45540766,32070,0.0105633802816901
"233",45541294,32598,0.00352112676056338
"234",45541378,32682,0.0140845070422535
"235",45541398,32702,0.0211267605633803
"236",45541414,32718,0.0352112676056338
"237",45541685,32989,0.00704225352112676
"238",45541765,33069,0.0211267605633803
"239",45541925,33229,0
"240",45542130,33434,0.00352112676056338
"241",45542178,33482,0.00352112676056338
"242",45542292,33596,0
"243",45542623,33927,0.0105633802816901
"244",45542632,33936,0.00352112676056338
"245",45542732,34036,0.00352112676056338
"246",45543373,34677,0.0140845070422535
"247",45543645,34949,0.00704225352112676
"248",45543755,35059,0.00704225352112676
"249",45543787,35091,0.341549295774648
"250",45543822,35126,0.00704225352112676
"251",45543858,35162,0.0105633802816901
"252",45543930,35234,0.00704225352112676
"253",45544125,35429,0.00704225352112676
"254",45544169,35473,0.0105633802816901
"255",45544208,35512,0
"256",45544308,35612,0.0140845070422535
"257",45544351,35655,0.355633802816901
"258",45544368,35672,0.0246478873239437
"259",45544513,35817,0.00704225352112676
"260",45544963,36267,0.00352112676056338
"261",45545339,36643,0.00352112676056338
"262",45545434,36738,0.341549295774648
"263",45545562,36866,0.348591549295775
"264",45545702,37006,0.00352112676056338
"265",45546127,37431,0.00352112676056338
"266",45546135,37439,0.00704225352112676
"267",45546298,37602,0.0105633802816901
