PID FID rs111 rs222 rs333 rs444 rs555     
A101 A101 1 1 1 1 1
A102 A102 2 1 1 1 2
A103 A103 2 0 0 2 2
A104 A104 2 0 1 0 1
A105 A105 0 1 2 1 2
A106 A106 2 2 2 1 2
A107 A107 0 2 2 0 1
A108 A108 2 0 2 2 1
A109 A109 2 2 0 1 1
A110 A110 0 1 0 2 1
A111 A111 2 0 1 1 1
A112 A112 2 2 1 1 1
A113 A113 2 0 2 1 2
A114 A114 0 0 0 2 2
A115 A115 2 2 2 2 1
A116 A116 1 1 0 0 2
A117 A117 1 0 0 2 1
A118 A118 1 1 1 2 0
A119 A119 0 1 2 0 2
A120 A120 1 1 1 1 1
A121 A121 1 2 1 2 2
A122 A122 1 1 2 1 1
A123 A123 1 1 2 1 2
A124 A124 2 1 2 0 1
A125 A125 2 0 1 1 1
A126 A126 0 2 1 1 0
A127 A127 2 2 0 2 1
A128 A128 1 2 2 0 0
A129 A129 1 2 1 2 2
A130 A130 0 1 1 0 1
A131 A131 1 2 0 1 2
A132 A132 2 2 1 1 2
A133 A133 2 1 2 2 2
A134 A134 1 2 1 1 1
A135 A135 1 0 1 1 1
A136 A136 1 0 1 1 2
A137 A137 1 2 1 1 1
A138 A138 1 1 2 2 1
A139 A139 1 2 2 0 1
A140 A140 1 1 2 1 1
A141 A141 2 2 0 0 2
A142 A142 1 2 1 1 1
A143 A143 2 1 0 0 2
A144 A144 0 2 1 2 2
A145 A145 1 1 1 2 1
A146 A146 1 2 2 2 1
A147 A147 1 1 1 1 1
A148 A148 1 1 2 1 0
A149 A149 1 2 1 0 1
A150 A150 1 1 1 1 1
A151 A151 2 1 1 1 2
A152 A152 1 1 2 2 1
A153 A153 2 1 2 0 1
A154 A154 1 0 1 2 1
A155 A155 0 2 1 1 1
A156 A156 1 2 2 2 0
A157 A157 2 1 2 1 1
A158 A158 2 1 1 0 0
A159 A159 2 0 0 1 1
A160 A160 1 0 0 1 1
A161 A161 1 2 0 1 1
A162 A162 1 1 0 1 1
A163 A163 1 1 1 2 0
A164 A164 1 0 2 2 1
A165 A165 1 1 2 1 1
A166 A166 0 2 1 0 0
A167 A167 0 0 2 1 0
A168 A168 1 2 2 2 1
A169 A169 1 2 1 1 1
A170 A170 2 1 2 1 1
A171 A171 2 2 2 1 0
A172 A172 2 0 1 0 1
A173 A173 2 2 0 1 1
A174 A174 0 1 1 2 2
A175 A175 1 1 2 1 1
A176 A176 1 2 1 2 2
A177 A177 2 0 1 1 2
A178 A178 2 0 2 1 1
A179 A179 1 1 1 1 0
A180 A180 1 0 1 0 0
A181 A181 2 2 1 1 1
A182 A182 1 1 2 1 1
A183 A183 0 1 1 1 1
A184 A184 1 2 2 2 1
A185 A185 2 1 2 0 1
A186 A186 2 1 1 1 0
A187 A187 1 2 2 2 1
A188 A188 0 1 1 2 1
A189 A189 0 2 2 2 2
A190 A190 0 1 2 1 0
A191 A191 0 1 1 1 0
A192 A192 1 2 2 1 0
A193 A193 1 1 1 1 2
A194 A194 2 1 1 1 2
A195 A195 2 1 1 2 2
A196 A196 1 1 2 0 1
A197 A197 2 1 2 2 1
A198 A198 1 0 1 2 1
A199 A199 1 2 2 2 0
A200 A200 2 2 2 1 2
A201 A201 2 1 1 0 2
A202 A202 0 1 1 1 1
A203 A203 1 1 2 1 2
A204 A204 2 1 2 1 2
A205 A205 2 1 2 1 1
A206 A206 0 1 2 2 2
A207 A207 1 1 2 2 2
A208 A208 0 1 1 1 1
A209 A209 1 2 1 2 2
A210 A210 2 0 1 2 2
A211 A211 2 1 0 1 1
A212 A212 2 2 1 1 0
A213 A213 1 1 1 0 1
A214 A214 2 1 2 1 1
A215 A215 1 0 2 1 2
A216 A216 0 2 0 1 2
A217 A217 1 2 2 2 1
A218 A218 0 2 1 1 1
A219 A219 1 2 1 1 2
A220 A220 2 1 1 1 1
A221 A221 2 2 2 1 1
A222 A222 1 0 2 2 1
A223 A223 2 1 1 1 1
A224 A224 1 1 0 2 2
A225 A225 1 2 2 1 2
A226 A226 2 1 0 1 0
A227 A227 2 0 1 1 2
A228 A228 1 2 2 1 2
A229 A229 1 1 2 1 2
A230 A230 1 1 2 1 2
A231 A231 2 2 2 2 1
A232 A232 1 2 2 2 1
A233 A233 1 1 2 2 2
A234 A234 1 1 2 0 2
A235 A235 1 1 1 1 2
A236 A236 1 2 2 1 1
A237 A237 2 2 1 1 1
A238 A238 0 1 1 1 1
A239 A239 1 1 2 0 1
A240 A240 2 1 1 1 1
A241 A241 1 2 1 2 1
A242 A242 1 2 0 0 2
A243 A243 1 2 1 2 1
A244 A244 1 0 1 2 0
A245 A245 2 2 2 1 1
A246 A246 2 1 1 1 2
A247 A247 0 2 2 2 1
A248 A248 2 2 0 1 1
A249 A249 0 1 1 1 1
A250 A250 0 0 2 1 2
A251 A251 1 2 1 1 1
A252 A252 1 2 1 2 1
A253 A253 2 1 1 1 1
A254 A254 1 2 1 2 1
A255 A255 1 0 2 1 2
A256 A256 2 1 2 0 2
A257 A257 2 1 1 1 2
A258 A258 2 1 2 2 1
A259 A259 1 1 1 2 2
A260 A260 1 2 0 0 2
A261 A261 2 1 0 1 1
A262 A262 1 2 0 0 1
A263 A263 1 2 1 1 1
A264 A264 1 2 1 2 1
A265 A265 1 2 2 1 2
A266 A266 1 2 1 0 2
A267 A267 1 0 1 1 1
A268 A268 1 1 0 2 1
A269 A269 0 0 1 1 1
A270 A270 2 2 1 1 2
A271 A271 1 1 1 1 1
A272 A272 0 0 2 0 2
A273 A273 1 2 1 1 1
A274 A274 2 2 2 1 0
A275 A275 2 0 0 1 2
A276 A276 1 1 1 2 2
A277 A277 2 1 2 0 2
A278 A278 2 0 1 1 1
A279 A279 1 1 1 2 2
A280 A280 1 1 0 1 1
A281 A281 1 1 2 1 1
A282 A282 1 2 2 2 2
A283 A283 1 1 0 1 0
A284 A284 2 1 1 0 2
A285 A285 1 2 0 0 1
A286 A286 2 1 1 1 2
A287 A287 2 1 2 1 0
A288 A288 2 0 2 1 1
A289 A289 2 2 2 2 1
A290 A290 1 1 2 1 0
A291 A291 2 2 1 0 1
A292 A292 0 1 2 1 1
A293 A293 2 2 1 0 1
A294 A294 1 0 1 2 2
A295 A295 2 0 1 1 1
A296 A296 1 1 1 0 0
A297 A297 1 2 2 1 0
A298 A298 2 1 2 2 2
A299 A299 1 0 2 0 1
A300 A300 1 2 0 0 2
A301 A301 1 2 1 1 2
A302 A302 2 2 1 2 2
A303 A303 0 2 1 2 2
A304 A304 2 1 1 2 2
A305 A305 1 1 1 2 2
A306 A306 1 0 2 1 1
A307 A307 2 2 1 1 0
A308 A308 2 0 2 2 1
A309 A309 0 1 1 1 1
A310 A310 0 2 1 2 2
A311 A311 0 1 1 0 2
A312 A312 1 2 1 2 1
A313 A313 1 1 1 1 2
A314 A314 1 2 1 1 1
A315 A315 2 1 0 0 2
A316 A316 0 2 0 1 2
A317 A317 0 2 1 1 1
A318 A318 1 2 2 0 2
A319 A319 0 1 1 1 2
A320 A320 1 0 1 1 2
A321 A321 1 2 1 1 1
A322 A322 0 0 1 2 2
A323 A323 1 2 1 0 0
A324 A324 1 1 1 1 1
A325 A325 0 1 2 2 1
A326 A326 2 1 1 0 1
A327 A327 2 2 2 2 2
A328 A328 0 1 1 2 0
A329 A329 2 0 2 1 1
A330 A330 1 2 0 1 2
A331 A331 2 1 2 1 2
A332 A332 1 2 1 1 2
A333 A333 1 2 1 2 1
A334 A334 1 2 1 1 2
A335 A335 0 1 1 2 1
A336 A336 1 2 2 2 2
A337 A337 2 1 2 2 1
A338 A338 2 2 1 2 1
A339 A339 1 1 1 0 2
A340 A340 2 1 2 1 0
A341 A341 0 0 0 2 1
A342 A342 0 1 2 0 1
A343 A343 2 0 1 2 2
A344 A344 1 1 1 1 2
A345 A345 2 1 2 2 0
A346 A346 1 1 1 1 1
A347 A347 0 1 2 1 1
A348 A348 1 1 1 1 0
A349 A349 1 1 1 1 1
A350 A350 1 1 1 2 1
A351 A351 2 1 1 1 2
A352 A352 0 1 1 1 1
A353 A353 2 2 1 1 1
A354 A354 0 2 1 1 2
A355 A355 0 0 0 2 0
A356 A356 0 1 1 2 2
A357 A357 1 1 2 2 2
A358 A358 1 0 1 2 0
A359 A359 1 1 2 2 2
A360 A360 1 2 1 1 1
A361 A361 1 1 1 2 1
A362 A362 2 2 0 0 2
A363 A363 0 1 0 2 1
A364 A364 0 1 2 2 1
A365 A365 1 2 1 2 0
A366 A366 2 2 1 1 1
A367 A367 1 0 0 2 1
A368 A368 2 2 1 1 2
A369 A369 1 2 1 2 1
A370 A370 0 1 2 2 1
A371 A371 0 2 2 1 1
A372 A372 1 1 2 1 1
A373 A373 2 0 2 0 1
A374 A374 0 1 0 2 2
A375 A375 1 2 1 1 2
A376 A376 1 1 1 1 1
A377 A377 1 2 2 0 1
A378 A378 2 0 2 1 2
A379 A379 2 1 1 1 2
A380 A380 0 1 1 1 1
A381 A381 1 1 1 2 1
A382 A382 0 1 1 0 1
A383 A383 2 2 0 0 1
A384 A384 2 1 2 2 2
A385 A385 1 1 0 2 1
A386 A386 1 1 2 1 2
A387 A387 2 1 1 1 1
A388 A388 1 2 1 1 0
A389 A389 1 1 2 1 1
A390 A390 2 1 1 1 2
A391 A391 1 0 1 1 2
A392 A392 2 2 2 1 0
A393 A393 2 0 1 1 0
A394 A394 2 2 1 1 2
A395 A395 1 2 1 1 0
A396 A396 2 1 0 0 1
A397 A397 2 1 0 2 2
A398 A398 1 1 2 1 1
A399 A399 0 1 1 1 2
A400 A400 1 0 2 0 2
A401 A401 1 2 2 2 0
A402 A402 1 2 2 2 0
A403 A403 0 1 2 2 0
A404 A404 1 1 1 1 2
A405 A405 0 1 1 2 0
A406 A406 2 2 0 1 1
A407 A407 2 1 2 2 2
A408 A408 1 2 1 2 2
A409 A409 2 2 1 0 1
A410 A410 0 2 2 2 1
A411 A411 0 2 2 1 2
A412 A412 1 1 2 2 1
A413 A413 2 0 2 1 1
A414 A414 2 1 1 0 2
A415 A415 0 2 2 1 1
A416 A416 1 1 2 1 1
A417 A417 0 1 1 1 0
A418 A418 2 1 2 2 2
A419 A419 1 1 1 2 1
A420 A420 1 1 1 2 2
A421 A421 2 2 1 0 1
A422 A422 1 2 1 1 2
A423 A423 0 1 1 0 0
A424 A424 1 1 2 2 1
A425 A425 2 1 2 2 1
A426 A426 1 2 0 1 2
A427 A427 2 1 1 1 2
A428 A428 2 1 1 1 0
A429 A429 1 2 2 1 0
A430 A430 2 2 2 0 1
A431 A431 2 2 2 0 2
A432 A432 0 1 1 1 1
A433 A433 2 2 2 0 2
A434 A434 2 2 2 1 2
A435 A435 1 1 2 2 2
A436 A436 2 2 2 2 1
A437 A437 2 0 0 0 1
A438 A438 2 2 1 1 1
A439 A439 2 1 2 2 2
A440 A440 2 0 1 0 0
A441 A441 1 2 1 2 2
A442 A442 1 1 0 1 1
A443 A443 1 0 2 1 1
A444 A444 1 1 0 2 2
A445 A445 2 1 2 1 1
A446 A446 2 2 1 0 1
A447 A447 2 1 1 1 0
A448 A448 1 0 0 1 0
A449 A449 1 1 2 1 1
A450 A450 1 0 1 1 2
A451 A451 2 1 1 2 1
A452 A452 2 1 0 1 1
A453 A453 2 0 2 0 1
A454 A454 1 0 1 0 2
A455 A455 1 1 1 1 2
A456 A456 1 1 2 1 2
A457 A457 1 2 2 2 2
A458 A458 2 1 0 0 1
A459 A459 1 1 1 1 0
A460 A460 1 2 0 1 1
A461 A461 1 1 1 1 1
A462 A462 1 0 1 1 2
A463 A463 2 1 2 1 1
A464 A464 1 1 1 2 1
A465 A465 0 1 1 1 2
A466 A466 1 1 1 0 0
A467 A467 1 1 0 0 1
A468 A468 1 2 2 1 2
A469 A469 1 2 2 0 1
A470 A470 1 1 1 2 2
A471 A471 1 2 2 0 2
A472 A472 0 2 2 0 1
A473 A473 2 2 1 1 1
A474 A474 1 0 2 1 2
A475 A475 2 1 0 2 1
A476 A476 1 1 2 1 1
A477 A477 1 1 0 2 2
A478 A478 1 1 2 1 1
A479 A479 1 2 2 2 1
A480 A480 1 0 0 2 1
A481 A481 1 1 1 1 2
A482 A482 1 2 1 1 1
A483 A483 1 0 1 1 2
A484 A484 1 0 1 0 1
A485 A485 1 2 2 1 1
A486 A486 1 0 2 1 2
A487 A487 0 1 1 2 1
A488 A488 2 2 1 2 0
A489 A489 0 1 0 1 2
A490 A490 2 1 2 0 1
A491 A491 0 1 0 1 0
A492 A492 2 2 1 2 2
A493 A493 2 2 0 2 1
A494 A494 2 2 0 1 1
A495 A495 2 2 2 1 1
A496 A496 2 1 2 1 2
A497 A497 0 2 1 0 0
A498 A498 1 0 1 1 0
A499 A499 1 1 2 1 1
A500 A500 2 2 1 0 1
A501 A501 1 1 0 1 1
A502 A502 1 2 2 2 1
A503 A503 1 2 1 2 2
A504 A504 1 1 1 1 0
A505 A505 1 0 1 2 0
A506 A506 2 2 0 0 1
A507 A507 1 1 2 2 0
A508 A508 1 1 2 2 2
A509 A509 1 1 2 0 1
A510 A510 1 0 2 0 1
A511 A511 2 0 2 2 1
A512 A512 2 1 1 1 1
A513 A513 2 0 1 1 2
A514 A514 2 0 0 2 2
A515 A515 0 2 1 2 1
A516 A516 2 1 1 1 1
A517 A517 1 1 1 2 2
A518 A518 2 2 1 0 2
A519 A519 1 2 2 0 1
A520 A520 2 1 1 2 1
A521 A521 2 0 2 0 0
A522 A522 1 2 1 1 2
A523 A523 1 1 1 1 2
A524 A524 2 1 1 1 0
A525 A525 2 2 1 1 1
A526 A526 1 0 2 2 2
A527 A527 2 2 2 2 1
A528 A528 2 1 1 1 2
A529 A529 2 2 1 1 1
A530 A530 2 0 2 1 2
A531 A531 1 1 2 2 2
A532 A532 2 0 2 0 2
A533 A533 1 0 1 2 1
A534 A534 2 2 2 1 1
A535 A535 1 1 1 0 1
A536 A536 0 2 1 2 2
A537 A537 1 2 1 1 1
A538 A538 2 1 1 1 2
A539 A539 2 1 0 0 2
A540 A540 1 2 1 0 1
A541 A541 2 1 2 2 0
A542 A542 1 2 0 1 2
A543 A543 1 1 2 1 0
A544 A544 1 2 0 1 2
A545 A545 1 1 2 0 1
A546 A546 2 2 2 0 2
A547 A547 2 1 1 1 0
A548 A548 1 1 1 1 1
A549 A549 0 2 0 1 1
A550 A550 0 1 1 2 2
A551 A551 1 2 2 0 1
A552 A552 2 2 2 1 2
A553 A553 1 1 1 1 2
A554 A554 1 2 2 1 1
A555 A555 2 2 0 1 1
A556 A556 0 1 1 2 1
A557 A557 2 1 1 2 0
A558 A558 2 1 1 2 1
A559 A559 2 1 2 1 1
A560 A560 0 1 2 1 2
A561 A561 2 1 1 1 2
A562 A562 1 1 2 1 1
A563 A563 1 2 1 1 2
A564 A564 0 1 0 2 1
A565 A565 0 1 2 1 1
A566 A566 1 1 0 1 1
A567 A567 1 1 1 1 1
A568 A568 2 1 1 0 0
A569 A569 0 1 1 2 1
A570 A570 1 2 1 2 1
A571 A571 1 2 2 1 1
A572 A572 1 1 2 2 2
A573 A573 0 0 2 1 2
A574 A574 1 1 0 2 2
A575 A575 0 2 1 2 2
A576 A576 1 1 1 2 0
A577 A577 1 2 1 1 1
A578 A578 2 2 2 1 2
A579 A579 1 1 2 2 1
A580 A580 1 1 2 1 1
A581 A581 2 2 2 2 2
A582 A582 1 1 1 1 2
A583 A583 0 1 2 1 2
A584 A584 2 1 0 2 2
A585 A585 0 1 1 0 2
A586 A586 0 1 0 2 0
A587 A587 2 2 2 2 0
A588 A588 2 2 1 1 1
A589 A589 1 1 0 2 1
A590 A590 1 0 2 2 2
A591 A591 2 2 2 1 1
A592 A592 1 2 2 1 2
A593 A593 0 0 2 2 2
A594 A594 2 0 2 0 0
A595 A595 2 1 1 2 1
A596 A596 2 1 1 0 1
A597 A597 1 2 1 1 2
A598 A598 2 1 1 1 2
A599 A599 1 1 1 1 1
A600 A600 2 1 1 0 2
A601 A601 2 1 2 2 2
A602 A602 1 2 0 2 2
A603 A603 1 1 0 2 2
A604 A604 2 2 1 1 0
A605 A605 1 1 0 1 1
A606 A606 2 2 1 2 1
A607 A607 0 1 2 0 1
A608 A608 2 1 1 2 1
A609 A609 1 1 1 2 0
A610 A610 1 1 1 2 0
A611 A611 2 2 0 1 1
A612 A612 1 0 2 2 1
A613 A613 1 2 0 1 0
A614 A614 1 2 2 1 0
A615 A615 2 1 0 1 0
A616 A616 0 1 2 0 2
A617 A617 1 1 1 1 1
A618 A618 2 1 2 2 1
A619 A619 2 1 1 1 1
A620 A620 1 0 1 0 2
A621 A621 1 1 1 1 1
A622 A622 1 2 1 1 2
A623 A623 1 2 1 1 1
A624 A624 2 2 0 0 1
A625 A625 1 1 1 1 1
A626 A626 2 2 0 0 1
A627 A627 2 1 1 1 0
A628 A628 2 1 2 1 1
A629 A629 1 1 2 1 2
A630 A630 1 1 1 0 1
A631 A631 2 2 2 1 1
A632 A632 2 1 0 1 1
A633 A633 1 2 1 2 0
A634 A634 1 2 1 1 2
A635 A635 0 1 1 2 1
A636 A636 2 1 2 0 2
A637 A637 1 1 2 1 0
A638 A638 1 1 1 1 1
A639 A639 2 1 2 2 1
A640 A640 1 2 1 2 1
A641 A641 1 2 2 1 0
A642 A642 2 2 2 2 1
A643 A643 2 1 2 0 1
A644 A644 1 1 0 1 2
A645 A645 2 1 2 1 1
A646 A646 2 0 1 1 2
A647 A647 2 1 2 2 2
A648 A648 0 2 1 1 1
A649 A649 2 2 0 1 1
A650 A650 1 1 1 2 2
A651 A651 2 1 0 1 1
A652 A652 1 2 1 1 1
A653 A653 2 2 1 1 1
A654 A654 2 0 1 2 1
A655 A655 2 0 1 1 1
A656 A656 1 1 1 1 1
A657 A657 2 1 1 0 2
A658 A658 2 1 0 2 2
A659 A659 0 2 2 1 2
A660 A660 1 1 1 1 2
A661 A661 2 1 1 2 2
A662 A662 1 1 0 2 2
A663 A663 2 1 0 2 2
A664 A664 2 0 1 0 2
A665 A665 1 1 1 1 2
A666 A666 1 2 2 0 1
A667 A667 2 2 2 1 0
A668 A668 2 0 1 0 0
A669 A669 2 1 1 2 1
A670 A670 0 2 2 2 2
A671 A671 2 1 1 2 1
A672 A672 0 1 0 2 2
A673 A673 2 1 2 0 2
A674 A674 1 2 2 1 2
A675 A675 1 2 2 2 1
A676 A676 2 1 1 2 2
A677 A677 0 2 2 1 2
A678 A678 1 1 1 1 1
A679 A679 2 1 2 0 1
A680 A680 1 1 2 1 2
A681 A681 2 2 2 2 1
A682 A682 1 1 1 0 2
A683 A683 2 1 1 2 1
A684 A684 1 0 0 2 0
A685 A685 2 1 2 2 1
A686 A686 1 1 0 1 1
A687 A687 2 1 0 2 2
A688 A688 2 0 0 0 2
A689 A689 2 2 1 2 1
A690 A690 1 1 0 1 1
A691 A691 2 0 1 2 2
A692 A692 2 1 1 2 1
A693 A693 1 1 2 2 2
A694 A694 0 2 1 2 2
A695 A695 1 2 1 2 2
A696 A696 1 2 2 0 2
A697 A697 1 2 1 2 1
A698 A698 1 0 1 0 2
A699 A699 2 1 2 1 2
A700 A700 1 1 2 1 0
A701 A701 1 0 2 1 2
A702 A702 1 1 1 1 0
A703 A703 1 2 0 1 1
A704 A704 1 2 2 1 1
A705 A705 2 1 1 1 1
A706 A706 1 1 0 1 2
A707 A707 1 1 2 1 1
A708 A708 1 0 2 2 0
A709 A709 1 1 1 1 1
A710 A710 1 1 0 0 2
A711 A711 2 0 2 1 1
A712 A712 2 1 1 1 1
A713 A713 1 2 1 2 2
A714 A714 1 0 2 2 1
A715 A715 0 2 0 2 2
A716 A716 2 1 0 1 1
A717 A717 0 2 0 1 1
A718 A718 2 0 1 1 1
A719 A719 1 1 1 2 1
A720 A720 2 2 1 1 1
A721 A721 2 1 2 2 2
A722 A722 2 2 2 2 1
A723 A723 2 2 2 1 0
A724 A724 1 1 1 1 2
A725 A725 1 1 2 1 1
A726 A726 1 2 2 1 2
A727 A727 2 1 0 0 1
A728 A728 2 1 1 1 2
A729 A729 2 1 0 1 2
A730 A730 2 1 1 0 0
A731 A731 1 1 1 0 2
A732 A732 2 0 1 2 1
A733 A733 2 2 2 1 2
A734 A734 2 1 2 0 0
A735 A735 1 0 2 2 0
A736 A736 1 1 1 1 2
A737 A737 1 1 1 2 1
A738 A738 1 0 1 1 2
A739 A739 0 0 2 1 0
A740 A740 2 0 0 0 2
A741 A741 1 1 2 2 0
A742 A742 1 0 2 2 0
A743 A743 2 0 0 2 1
A744 A744 1 1 1 2 1
A745 A745 1 1 1 0 1
A746 A746 2 1 1 1 2
A747 A747 2 2 1 2 0
A748 A748 0 1 1 2 1
A749 A749 2 1 1 2 1
A750 A750 1 2 0 0 2
A751 A751 1 1 1 1 0
A752 A752 1 1 0 2 2
A753 A753 0 2 1 0 1
A754 A754 2 1 1 1 1
A755 A755 2 1 1 2 2
A756 A756 2 2 2 1 2
A757 A757 2 2 1 2 1
A758 A758 0 1 2 1 1
A759 A759 1 1 2 2 1
A760 A760 0 0 2 0 1
A761 A761 2 1 2 2 2
A762 A762 1 1 1 1 1
A763 A763 2 2 2 2 2
A764 A764 1 2 1 1 1
A765 A765 1 2 1 2 2
A766 A766 0 0 2 0 2
A767 A767 1 1 2 2 1
A768 A768 2 0 2 2 2
A769 A769 0 0 1 1 1
A770 A770 1 0 0 1 2
A771 A771 1 1 2 2 1
A772 A772 2 0 2 2 0
A773 A773 2 2 0 2 2
A774 A774 1 2 1 1 2
A775 A775 1 1 2 1 1
A776 A776 1 0 2 2 1
A777 A777 1 2 2 1 0
A778 A778 1 2 0 2 2
A779 A779 1 2 2 2 2
A780 A780 0 1 2 2 1
A781 A781 1 1 2 1 1
A782 A782 1 2 1 2 2
A783 A783 2 1 1 1 1
A784 A784 2 0 2 1 2
A785 A785 0 0 2 1 1
A786 A786 2 0 1 2 1
A787 A787 2 1 2 1 2
A788 A788 2 2 1 0 2
A789 A789 2 0 2 2 2
A790 A790 2 2 2 1 2
A791 A791 1 1 1 1 2
A792 A792 2 1 1 1 0
A793 A793 0 0 2 2 1
A794 A794 1 1 1 1 1
A795 A795 0 1 1 1 2
A796 A796 0 1 2 0 2
A797 A797 1 2 1 1 2
A798 A798 0 1 1 1 2
A799 A799 1 2 0 1 2
A800 A800 2 1 1 1 2
A801 A801 1 2 1 1 0
A802 A802 1 1 0 1 1
A803 A803 1 2 1 0 2
A804 A804 1 1 0 1 0
A805 A805 2 2 2 2 1
A806 A806 2 1 1 0 2
A807 A807 2 2 1 0 0
A808 A808 2 2 2 1 2
A809 A809 1 0 1 2 0
A810 A810 1 2 0 1 2
A811 A811 2 2 2 1 1
A812 A812 2 0 2 1 1
A813 A813 2 1 1 2 2
A814 A814 1 2 0 0 2
A815 A815 0 2 0 2 2
A816 A816 0 2 0 1 2
A817 A817 0 2 2 0 0
A818 A818 1 0 1 1 2
A819 A819 2 1 2 2 1
A820 A820 1 1 1 2 0
A821 A821 2 1 1 1 2
A822 A822 2 1 2 2 1
A823 A823 2 2 1 1 1
A824 A824 1 1 0 2 2
A825 A825 2 0 2 0 2
A826 A826 2 2 1 2 1
A827 A827 1 1 1 1 2
A828 A828 1 1 0 1 2
A829 A829 2 1 2 1 1
A830 A830 1 2 2 2 1
A831 A831 0 1 1 0 2
A832 A832 1 2 1 1 1
A833 A833 1 0 2 2 2
A834 A834 0 2 1 1 2
A835 A835 2 2 1 1 1
A836 A836 1 2 1 1 2
A837 A837 2 1 1 1 1
A838 A838 1 2 1 0 1
A839 A839 1 2 1 0 1
A840 A840 1 0 1 1 0
A841 A841 1 2 0 1 0
A842 A842 1 0 2 0 2
A843 A843 2 0 0 1 1
A844 A844 1 2 1 0 1
A845 A845 1 1 1 2 2
A846 A846 1 0 1 1 1
A847 A847 1 2 2 1 2
A848 A848 1 2 1 1 1
A849 A849 0 1 2 2 0
A850 A850 1 2 1 2 2
A851 A851 1 0 1 0 0
A852 A852 1 0 1 1 0
A853 A853 2 1 1 2 1
A854 A854 2 2 1 1 2
A855 A855 0 1 2 2 0
A856 A856 2 0 2 2 2
A857 A857 2 1 1 1 0
A858 A858 1 1 2 1 1
A859 A859 2 1 1 1 2
A860 A860 2 1 2 2 2
A861 A861 2 2 1 2 2
A862 A862 0 1 1 2 1
A863 A863 1 1 1 2 2
A864 A864 2 1 1 1 0
A865 A865 1 1 1 1 1
A866 A866 1 2 2 2 2
A867 A867 2 1 2 1 0
A868 A868 1 0 2 2 1
A869 A869 2 2 1 1 2
A870 A870 2 0 2 1 2
A871 A871 2 0 0 1 2
A872 A872 2 1 2 0 1
A873 A873 1 2 2 2 2
A874 A874 1 2 2 2 2
A875 A875 1 2 1 2 2
A876 A876 2 1 1 1 1
A877 A877 0 1 1 2 2
A878 A878 2 0 2 1 1
A879 A879 0 0 1 2 0
A880 A880 1 1 1 2 1
A881 A881 2 2 1 2 1
A882 A882 2 1 2 1 1
A883 A883 1 1 1 2 2
A884 A884 1 1 2 1 0
A885 A885 1 2 1 1 2
A886 A886 2 2 1 1 1
A887 A887 1 2 1 0 1
A888 A888 2 2 1 2 1
A889 A889 1 1 1 1 2
A890 A890 1 2 2 1 2
A891 A891 0 1 0 1 0
A892 A892 1 2 0 1 2
A893 A893 1 2 1 0 1
A894 A894 0 1 2 0 1
A895 A895 1 1 2 1 2
A896 A896 2 1 1 1 2
A897 A897 1 1 1 0 2
A898 A898 2 1 1 1 2
A899 A899 1 1 0 0 1
A900 A900 1 2 0 1 1
A901 A901 1 2 0 0 1
A902 A902 0 1 1 0 0
A903 A903 1 0 2 2 1
A904 A904 1 2 1 2 1
A905 A905 2 2 2 1 1
A906 A906 1 1 1 1 2
A907 A907 1 1 1 2 0
A908 A908 2 1 2 0 2
A909 A909 1 2 1 1 1
A910 A910 2 1 2 1 1
A911 A911 1 1 1 0 2
A912 A912 1 0 2 1 2
A913 A913 0 0 0 2 2
A914 A914 1 0 1 2 1
A915 A915 0 1 1 0 1
A916 A916 2 2 2 2 2
A917 A917 2 1 1 1 1
A918 A918 1 0 2 0 1
A919 A919 2 1 2 2 1
A920 A920 1 1 2 0 0
A921 A921 1 1 2 1 0
A922 A922 0 2 0 1 1
A923 A923 1 0 2 2 2
A924 A924 1 1 1 1 1
A925 A925 1 1 2 1 1
A926 A926 0 1 2 1 2
A927 A927 1 2 0 1 1
A928 A928 1 2 1 2 1
A929 A929 1 1 1 1 0
A930 A930 1 1 2 0 1
A931 A931 0 1 1 2 1
A932 A932 1 2 1 1 1
A933 A933 1 2 0 2 1
A934 A934 0 2 2 2 1
A935 A935 1 2 1 1 1
A936 A936 2 2 1 2 1
A937 A937 1 1 1 1 0
A938 A938 1 2 2 2 2
A939 A939 2 1 2 1 1
A940 A940 1 1 0 1 1
A941 A941 1 2 1 2 1
A942 A942 1 2 1 2 1
A943 A943 2 2 1 1 2
A944 A944 0 1 0 2 1
A945 A945 1 1 1 0 1
A946 A946 0 1 1 2 1
A947 A947 2 2 2 1 1
A948 A948 2 1 1 1 1
A949 A949 1 1 2 2 1
A950 A950 1 2 1 1 1
A951 A951 2 1 1 1 1
A952 A952 2 1 2 1 1
A953 A953 1 1 1 0 2
A954 A954 2 2 2 1 0
A955 A955 1 0 2 2 0
A956 A956 2 0 0 1 1
A957 A957 1 2 1 1 1
A958 A958 1 2 1 0 1
A959 A959 1 2 1 2 1
A960 A960 1 0 2 1 1
A961 A961 1 1 1 1 0
A962 A962 2 2 1 1 1
A963 A963 1 1 0 2 0
A964 A964 0 0 2 2 1
A965 A965 2 2 0 1 1
A966 A966 1 1 1 2 2
A967 A967 1 1 2 2 1
A968 A968 2 2 2 1 1
A969 A969 1 2 1 2 1
A970 A970 2 0 0 2 1
A971 A971 1 0 1 2 1
A972 A972 1 2 1 1 2
A973 A973 1 0 0 2 0
A974 A974 1 2 2 1 0
A975 A975 2 1 1 1 2
A976 A976 1 2 0 2 1
A977 A977 2 1 2 2 1
A978 A978 0 1 1 1 1
A979 A979 1 2 1 2 0
A980 A980 2 1 1 0 1
A981 A981 1 2 1 2 2
A982 A982 2 1 2 1 1
A983 A983 2 1 1 2 1
A984 A984 2 0 2 1 1
A985 A985 2 1 2 2 1
A986 A986 1 0 0 2 0
A987 A987 1 1 0 2 1
A988 A988 1 1 0 2 1
A989 A989 1 1 1 1 0
A990 A990 1 1 2 0 2
A991 A991 1 1 0 1 2
A992 A992 2 2 0 1 1
A993 A993 1 1 2 2 0
A994 A994 1 2 1 2 0
A995 A995 2 2 2 2 2
A996 A996 0 1 1 1 2
A997 A997 0 0 2 1 2
A998 A998 2 1 2 1 1
A999 A999 1 2 2 1 2
A1000 A1000 2 1 0 0 1
A1001 A1001 0 2 0 0 1
A1002 A1002 2 2 1 2 1
A1003 A1003 1 2 1 2 2
A1004 A1004 2 2 1 1 2
A1005 A1005 2 2 1 0 2
A1006 A1006 1 2 1 2 2
A1007 A1007 1 1 1 1 0
A1008 A1008 1 2 1 1 2
A1009 A1009 2 1 2 1 1
A1010 A1010 2 1 1 1 1
A1011 A1011 1 2 2 2 2
A1012 A1012 1 1 0 1 2
A1013 A1013 0 1 1 1 1
A1014 A1014 0 1 0 1 1
A1015 A1015 1 2 2 2 1
A1016 A1016 1 1 2 1 1
A1017 A1017 1 1 1 1 2
A1018 A1018 2 1 2 2 1
A1019 A1019 2 2 2 1 1
A1020 A1020 1 1 0 0 1
A1021 A1021 2 1 1 1 2
A1022 A1022 2 1 0 0 1
A1023 A1023 1 1 1 1 1
A1024 A1024 1 1 0 1 2
A1025 A1025 1 1 0 0 2
A1026 A1026 2 1 0 1 2
A1027 A1027 2 0 2 1 2
A1028 A1028 2 0 0 0 2
A1029 A1029 1 1 1 1 1
A1030 A1030 1 1 0 1 1
A1031 A1031 1 2 1 1 0
A1032 A1032 2 1 1 0 1
A1033 A1033 2 2 2 2 1
A1034 A1034 1 1 1 1 1
A1035 A1035 0 1 2 2 2
A1036 A1036 1 0 1 1 2
A1037 A1037 2 1 0 2 1
A1038 A1038 1 2 1 2 2
A1039 A1039 1 1 1 1 0
A1040 A1040 1 0 2 1 2
A1041 A1041 2 2 1 1 2
A1042 A1042 1 0 0 2 1
A1043 A1043 0 1 1 2 2
A1044 A1044 2 0 2 1 0
A1045 A1045 2 1 2 2 1
A1046 A1046 2 1 1 0 2
A1047 A1047 2 2 1 1 0
A1048 A1048 1 2 0 1 1
A1049 A1049 2 0 1 2 1
A1050 A1050 1 2 1 1 0
A1051 A1051 1 2 1 1 1
A1052 A1052 1 1 1 1 0
A1053 A1053 2 1 1 0 1
A1054 A1054 0 2 2 1 1
A1055 A1055 2 2 2 2 1
A1056 A1056 2 2 2 2 2
A1057 A1057 0 1 1 1 1
A1058 A1058 2 1 1 2 1
A1059 A1059 1 1 1 1 2
A1060 A1060 1 2 0 1 2
A1061 A1061 0 1 1 0 2
A1062 A1062 1 1 2 1 1
A1063 A1063 1 0 1 0 2
A1064 A1064 2 2 1 2 0
A1065 A1065 2 1 1 0 1
A1066 A1066 2 2 2 2 1
A1067 A1067 1 1 2 1 0
A1068 A1068 1 0 1 2 2
A1069 A1069 1 0 0 1 0
A1070 A1070 0 2 1 2 2
A1071 A1071 2 1 2 1 1
A1072 A1072 0 0 1 1 0
A1073 A1073 2 1 2 2 0
A1074 A1074 2 1 2 2 1
A1075 A1075 2 2 1 1 0
A1076 A1076 0 2 2 2 2
A1077 A1077 1 2 1 1 2
A1078 A1078 0 2 0 0 1
A1079 A1079 0 2 2 1 1
A1080 A1080 0 2 2 1 0
A1081 A1081 0 2 0 0 1
A1082 A1082 1 1 1 2 1
A1083 A1083 2 1 1 1 1
A1084 A1084 2 0 0 1 2
A1085 A1085 2 1 1 2 1
A1086 A1086 2 1 2 2 1
A1087 A1087 1 1 2 2 1
A1088 A1088 2 2 0 1 2
A1089 A1089 1 0 1 0 2
A1090 A1090 1 2 1 2 2
A1091 A1091 0 1 1 0 1
A1092 A1092 0 1 1 1 1
A1093 A1093 1 1 1 1 1
A1094 A1094 1 1 0 1 1
A1095 A1095 0 2 1 2 1
A1096 A1096 2 0 1 0 1
A1097 A1097 1 1 2 1 1
A1098 A1098 1 2 2 2 1
A1099 A1099 0 0 2 2 1
A1100 A1100 1 2 1 1 2
