ID trait1 trait2 covariate1 covariate2  
A101 0 -0.303765625400885 -1.59275243430314 -0.623236876579901
A102 1 4.29436751424703 -0.0486487198747604 0.386380186952959
A103 0 2.54239131423034 1.92247627663847 0.336233357709755
A104 0 0.213764036542653 -0.212245098418532 -0.630043606502992
A105 1 3.54571599450611 -1.15847997047591 0.892442494262855
A106 0 1.39232563448784 0.626874809052366 -0.31840413271799
A107 0 1.15737790921769 -0.92106194874421 1.30608525149447
A108 0 0.495372034057701 -0.150731616259638 -0.0153648649966063
A109 0 2.41187057439962 -0.414118477903147 0.391993723762605
A110 0 1.01077323246125 0.445834892299865 0.757544882623239
A111 1 2.43807339162378 0.719607604952322 0.426600795682047
A112 0 -0.707351896275715 -1.20044384643057 1.3718065695309
A113 1 5.1728953408604 1.54128908801209 0.666543920888795
A114 1 4.13220946821977 -0.517498133538729 1.85679522789146
A115 0 -1.55022607885739 -2.65381883807808 -1.15294051128976
A116 0 -1.45066820935589 -0.401752862201552 -0.476365910800786
A117 1 3.15648838370695 0.00699204732990323 -0.788316499511231
A118 1 5.92077616360744 2.26872741760019 -0.631477270662299
A119 0 0.523294261162466 -0.963236751948496 0.684907388024504
A120 1 5.56989743437425 0.107988755185461 2.02863488516654
A121 0 -0.0450506793807992 -0.433544913868031 0.305213267909177
A122 0 0.566536124560747 0.224508885011233 0.0761236815156878
A123 0 -2.42589774843817 -1.90982154429403 -0.498517487168188
A124 1 3.02331438350368 0.389413947592621 -0.526211405727336
A125 1 5.11980686159626 -0.7167887772178 1.00708071514197
A126 0 -1.6356511734419 -0.991408895625876 -0.276969465133963
A127 1 3.62261862232526 2.32482464906384 -1.19440379267255
A128 1 5.1986228853498 1.90523682532774 -0.217843277622282
A129 0 3.88440029581558 0.76402475477296 2.12988636603119
A130 0 1.6593526462587 0.888977044897775 0.403387804836455
A131 1 5.3851069139808 1.13805121613782 0.304190023191324
A132 0 0.0604510584033968 0.0886282612280006 0.158546086787051
A133 0 1.48199919368506 -0.997625430338016 0.434277839803044
A134 1 5.68756003928762 1.77283223591985 0.709993147981407
A135 0 -0.651333259492956 -1.51164870101876 0.9189717319612
A136 1 2.15844110596425 -1.00689018793167 1.52912404943519
A137 1 4.81204673290869 1.54372815802293 -0.240660843195098
A138 1 2.92515352065017 0.944314684371882 -1.95820780220307
A139 0 -2.42364156413674 -1.72357683805616 -1.14624886089163
A140 0 0.69558352749491 0.530728337653493 1.95682098130107
A141 0 0.137188935080034 -0.912333834931938 0.830060289721274
A142 0 1.20224352020991 0.31287926771904 -0.157451124657271
A143 0 0.684737963145485 -0.83143836249279 0.593685651922311
A144 1 6.63372669530944 1.38003967073882 2.7851679367926
A145 0 1.03921586577047 0.0355508427495919 0.0498227201013792
A146 0 3.1035166198787 1.36325039174251 0.751837007935927
A147 0 1.11238712856651 -0.241038410436907 -0.306795255799239
A148 0 1.97080581439878 -0.847027056202942 1.57655520539287
A149 0 2.60581305714576 0.911310697983878 -1.26994390485677
A150 0 -1.26122736997526 -0.468214726502044 0.371467283001796
A151 0 0.359837698383815 1.00665300439721 -2.0551840538832
A152 0 0.392016447648068 -0.802703910152497 -1.65510054965873
A153 1 6.85610691950737 2.18571183349197 1.46208623731869
A154 0 2.79062108752798 0.876026121750595 1.13192165704938
A155 1 5.63924272530825 1.34707560999789 -0.993746362903139
A156 1 3.31746005254259 0.754970029906457 0.318157682465969
A157 1 3.17505884944986 1.23159018188479 -0.187914455563385
A158 0 -0.135075930872927 -2.02971955323473 -0.596980099527516
A159 0 -3.12649407869705 -1.57143000981869 0.633388407034944
A160 0 1.98782549914666 -0.531538026974643 1.27588825692838
A161 1 3.25018995824307 -0.635057174450503 0.108153691615663
A162 0 1.81297742927434 -0.286700244898007 0.647341342526151
A163 0 -1.77768613068555 -1.15025149922894 0.00545260259103825
A164 0 1.65228447865776 1.03358333785151 0.934291687297128
A165 1 2.0610506846373 -1.56306985890244 0.288871510512097
A166 1 6.51065413876773 3.33594875051187 0.938607588153605
A167 1 3.99306252011855 2.27203426393941 0.715441655904938
A168 0 -0.220678926483076 -0.7396440359588 -1.67746478746103
A169 1 4.38106689829022 0.321044374686484 1.30553850803696
A170 1 6.8155465472105 1.39256395163502 0.670072585947937
A171 0 1.06713658535469 0.270011573487464 -0.100771863255192
A172 1 1.13777772494893 -1.40844832193161 -0.42241242524919
A173 0 1.91596912895581 -0.126157513898374 0.745577928394016
A174 0 -3.03150890743217 -2.68380863848657 -0.67153592816817
A175 0 3.20550724918606 1.65682158536076 -0.516597480755833
A176 0 -0.948248016540088 -1.95124251617479 0.0925776764386002
A177 1 4.90638594673412 -0.430318969393945 0.581040305134241
A178 1 4.90041243079797 0.934280177981478 0.813015908324793
A179 1 3.55438313494354 -0.0980798677179895 1.03016260719777
A180 0 3.50946136618257 0.283045213023456 1.31755079350774
A181 0 -0.829017279150078 -0.708777712095678 -0.260432216831376
A182 1 5.60166798486512 0.500816134310292 0.585935040730376
A183 1 5.30823333221085 0.680773794675775 1.0159619465314
A184 1 4.84197389775863 2.06953127533426 0.80133232354234
A185 0 3.215059116787 1.26434490733995 -0.209985585352377
A186 0 -0.314267167819054 -1.275736886984 0.168247111382876
A187 1 3.80820864595699 1.30727117946826 0.716525058435776
A188 0 0.0517961610087811 0.8628511197901 -0.755133168270679
A189 0 1.52011739884542 0.505909417032534 0.0977329941469717
A190 0 0.159247825720878 -0.374550857271928 -2.01010886015589
A191 0 2.30150136243817 1.09767616263515 -1.40422573651703
A192 0 1.09735126991081 -0.610486490076944 0.498946408991073
A193 0 0.542461068848136 0.709123055483991 -1.38925651870587
A194 1 2.34950475856303 -0.796163734647277 1.4478652995119
A195 1 3.18296974418743 -0.579467432255416 1.16049291678204
A196 1 3.83414421803054 0.188087587487291 -1.7138592411508
A197 1 3.82948267662377 1.16259225336922 -1.36773093415678
A198 1 5.5278007870911 0.853829191837855 2.19135448150025
A199 0 1.0062942301983 0.528977904899637 -0.165532443672147
A200 1 4.41447753198896 0.242249336297012 1.29326190108112
A201 0 0.914280836285316 0.384097556974349 -0.240292810150533
A202 1 2.67151412290279 -0.269301886093332 0.489224765409982
A203 0 1.9673109712684 1.48692883570445 0.107256825799653
A204 1 3.33562781388095 0.518993968843602 0.101896189656849
A205 1 5.23379058101564 1.53331349075858 -1.78647988721222
A206 0 -1.78056963933552 -1.3404999990224 -0.196327321784267
A207 0 2.89393294160351 1.00243976861915 -0.997277419576831
A208 1 3.89755975092062 -0.448566028826489 2.19243422392277
A209 0 2.55263654376427 0.264044844835924 0.277440812362144
A210 0 -1.09188970491993 -1.31401243132836 -0.277705803320278
A211 0 0.774146115991813 -0.360540657864878 -0.513991485774672
A212 1 6.57925335458146 1.9361627727385 -0.177977320576386
A213 0 3.60000633049103 1.08623244263936 0.391378710693251
A214 1 4.10020905070764 -0.0919097397714816 -0.0799925162196778
A215 0 -0.487267629652237 -1.32181494104251 -0.679828571500734
A216 0 3.59218252996122 0.763258039220313 1.35680138206285
A217 0 3.20173329753988 1.43626464140609 0.0250236385918127
A218 1 5.19995553527614 0.85168542021164 1.54881619675023
A219 0 3.98366181527457 3.01813681591749 -2.02633643428624
A220 0 2.03235045931137 -0.125365342966319 0.477375562721249
A221 0 1.20677333777875 -0.771420953715949 -0.768977334626
A222 0 1.54669820173457 0.44925207086495 -0.02727621083532
A223 0 1.33501848943029 -0.322071135556475 -0.456542887083061
A224 0 1.85833849501892 1.47179683373812 0.465367648382591
A225 1 2.77254268979226 1.25815637665638 0.214171281777702
A226 0 -2.05384802416429 -2.37055787623514 0.494200240908608
A227 0 3.72415493409952 1.22759106683373 1.81421618380974
A228 0 1.4360279955091 -0.187778513306361 0.163319964818676
A229 1 4.32032245173767 1.71568516834931 0.276022629171724
A230 0 0.974747064870422 -0.246678817087636 -0.901415937511123
A231 0 2.74783065613888 0.243772579155535 0.651311396038141
A232 0 0.95610557086397 -0.0516265933043118 -0.433302362231556
A233 1 2.73066805419619 -0.303623044149395 -0.0633258740349624
A234 0 1.75022422406492 0.211993280676912 0.255634743038735
A235 1 5.7384865526302 0.738046028086403 0.95987718622063
A236 0 -0.203819584339895 0.459817879913673 0.0193003602783112
A237 0 3.66443944132561 1.82699213583309 0.330798555517479
A238 0 3.84667827984457 1.3988345782301 -0.763421497679905
A239 0 -0.46465512660695 -0.166897708279675 -1.93766564423834
A240 0 1.91974149380479 1.10117292769501 -2.55809192760561
A241 1 3.72180345581269 1.07161438930012 0.623148794390492
A242 0 0.72527116598378 0.504403849890076 -0.0567559708448899
A243 0 -1.37958814185729 -0.423709174127588 -0.423557762580639
A244 0 -2.11318549438504 -0.562313218352962 -0.381728103930673
A245 0 0.510476964201641 -0.368752600377712 0.206524011893706
A246 0 1.25067054007121 0.083152637115659 -0.291411351935428
A247 0 1.59980269829423 0.901505025377025 -0.865918307425646
A248 0 2.89779673796437 0.889057974261486 0.214712266420155
A249 0 2.192886867671 0.357916819989217 0.277155045719682
A250 0 1.56858799878016 -0.123422074130252 0.365994684868993
A251 1 3.31742405890115 1.46906447795647 0.376266520049185
A252 0 -1.44404994073448 -1.54472785982934 0.656446701287094
A253 1 6.88092969150545 1.47473063891793 3.30036965507192
A254 0 -0.0680707310846359 -1.89811313940449 0.961276594327643
A255 0 3.56249232018438 0.749104950606434 -0.720429323549748
A256 0 1.01560620429824 1.04012519784795 -1.29335892557165
A257 1 5.8998078531975 0.46039369515286 2.30918684811521
A258 0 -1.41039119404427 -1.04546770326769 -0.0680621234234426
A259 1 5.23822140480363 0.122067456867625 0.394573237340584
A260 0 1.21737982595125 0.171184435889073 -0.290449773056527
A261 1 3.19362753287278 0.0381024212133667 1.47214751727568
A262 1 2.20759204224983 -0.398302444218313 -0.447837226534621
A263 0 0.0546569059283515 -0.551860741398783 -1.47279689853037
A264 1 4.36334045688391 -0.410465987010581 -0.865537583535612
A265 0 4.81127002020745 2.85452670750801 0.459547864643287
A266 0 -1.01744544445864 -1.71473697990194 -0.967125046021254
A267 0 -0.684262076201344 -0.44480309267868 0.429924395518958
A268 1 2.74322100669393 0.301797741472412 -0.613869115792995
A269 0 0.690044183641765 0.0479079466707674 -0.677389029976121
A270 0 -1.79895373446871 -0.870546556918756 -2.45086993090382
A271 0 2.76198067637004 0.963614818879379 -0.0490347747327216
A272 0 0.328613955204085 0.0591007241994572 -1.23216289698345
A273 0 3.67636561369826 1.25771194901006 -0.909518569908027
A274 1 5.73347341645694 2.02805172529196 0.569190603842543
A275 0 2.89180408597332 1.82294011683779 -2.10925695440621
A276 0 3.1267905885404 2.25293547340901 0.951064879824342
A277 1 4.33823331195153 0.240619630188915 -1.05366156457592
A278 1 6.0598374938088 0.882146194177808 -0.0578960690501863
A279 0 3.11439201578259 0.84464331142991 0.161000440761183
A280 1 1.55078853130242 -0.108865280513457 -0.643569916140433
A281 0 1.67503433917592 -0.334805659619753 0.340823402618884
A282 1 2.50518830370682 1.14063276158469 -0.361684183240893
A283 0 -0.40761297429394 -0.799611907992438 -0.978873268969393
A284 1 4.68748150830648 0.726497866389318 -0.124119987262153
A285 0 -0.00234813068174322 0.902712956730914 0.338867494095563
A286 0 -0.51420996551439 0.327325506520533 1.80411711730279
A287 1 2.22161900406995 -0.8980746816711 0.95771929887422
A288 0 2.17003343239684 0.636289964143272 -0.257444502949612
A289 0 -1.35315087220453 -0.763857095689796 -0.484986459980252
A290 0 2.56067361639405 0.85010146238833 1.27571542441132
A291 0 1.59927561030625 0.720629496142699 -1.0802893639385
A292 0 2.24097723318265 0.172452105919556 1.0083470158624
A293 0 2.28113584473089 0.0545585914630098 -1.01103603441246
A294 0 0.492551061067105 0.49876929200912 0.302116172216456
A295 0 -1.53809196759386 -1.14420353072111 0.0739695228889607
A296 0 2.42282793020684 0.495912622100267 0.461087768564435
A297 1 5.47108590797767 1.75016427587075 0.261099201374868
A298 1 3.79995308321524 0.27328240947211 0.74297698472979
A299 0 2.3726786861664 0.224533022025602 -0.0544563329002399
A300 0 1.26493391796659 1.4081103591387 -0.817504429227077
A301 0 -0.278073009614538 -0.5907485936287 1.95505749551534
A302 1 3.62779018417833 0.958353815353913 -1.07333738952364
A303 1 2.45956732124943 0.217925055259587 -0.55103415244106
A304 0 4.98129659345887 2.55905563611106 0.685420022856029
A305 0 1.57911925270256 0.539572965454798 0.245975649087672
A306 0 2.44137716502834 0.490179541801661 0.25409650034561
A307 1 2.90003818411665 0.454186625626679 0.65480759559404
A308 0 1.21577215350669 1.03512335576624 -0.957816013069771
A309 1 3.76418586121396 0.5940145517926 1.04020344446865
A310 0 2.94253283155689 1.84133333493491 0.112906433199331
A311 0 2.13231818354149 1.38301701578288 0.662315277811955
A312 0 -1.37545749499153 -1.30107357083169 -1.5550218513114
A313 0 2.26068775817645 0.32858933961027 0.135484974591763
A314 0 -0.0518009265202268 -0.579556320948017 0.655370275845092
A315 0 -1.28026663352156 -1.42450906455658 -1.44643353296913
A316 1 3.20505254234763 -1.72043616943984 0.141918157041613
A317 0 3.43628794199665 1.54777365969279 -1.45512246707971
A318 1 5.28610516926293 0.989950089008753 -0.223636889715193
A319 0 -0.473723285891253 -1.41213347164334 -0.545176430436888
A320 0 -2.72873385125405 -1.27436425182288 0.65638299000611
A321 0 3.68233998766643 0.915325646224344 0.502393540636011
A322 1 4.97171143989877 1.16212194672948 -0.489366174876451
A323 0 -0.14291567304149 -0.148148478801895 -2.44412211243601
A324 0 0.779142667037159 0.354659367754686 -0.806306063417448
A325 0 0.774384752681622 -0.374247408336466 0.156249616846553
A326 1 4.55801288851483 0.507066831573442 0.469232637305888
A327 0 1.04510676898331 -0.64466644249494 0.342392875241868
A328 0 3.71773430560665 0.261324470400405 -0.156867544657804
A329 0 1.52820050240135 -0.0597431192883731 1.52768849008149
A330 0 -0.88021600247373 -0.614589378856704 -0.896209966645714
A331 0 1.81434289847379 -1.00476745571602 0.123985651178481
A332 0 3.4257212131836 0.118247062141609 0.386829554691768
A333 0 -0.303737312614997 -0.506366951662345 -0.321474203471026
A334 0 -2.48880003333621 -1.52755699763525 -1.03483214775284
A335 0 1.25257246470166 -0.671116949203436 -1.92026009923955
A336 0 -0.871944781057948 -0.201655390109708 -0.268256126304661
A337 0 0.894808224871665 1.12540843029316 -0.581048555177908
A338 0 -1.43447685655948 -1.54174050148791 -0.582173346236291
A339 1 2.52637892837015 0.549238491214951 -0.281806805252609
A340 1 2.55863717267226 -0.406396894882895 -0.347183819682138
A341 0 -1.85649909081208 -0.644165559450312 -1.175443958335
A342 1 6.30443919470619 0.92556778680093 2.05790190948651
A343 0 -0.533056225212972 -1.30192292255592 -0.744221347013904
A344 1 6.94237132722247 1.48774833723665 1.28546705290915
A345 0 4.57868739814643 0.152990836533314 1.0276350534909
A346 1 4.07627858505584 -0.523132080855276 0.469387930485127
A347 0 0.322380934731896 -0.85005778793061 -1.77545694270308
A348 0 0.488701381767303 -0.424689614330965 -2.44520731469973
A349 1 3.3282432618212 0.551504314513845 -0.0476609567934936
A350 1 4.87650662244753 0.730270453798193 0.780876802604759
A351 1 1.64138919899895 -0.946948782975393 0.368270080269347
A352 1 3.30164643365124 0.557123232879838 -0.82304439880145
A353 1 3.41943120779609 0.42733132638275 0.419379639634927
A354 0 -0.893970164816946 -1.53675646426495 0.0261443683259498
A355 0 -1.280948967883 -1.68946201509044 0.259147187497519
A356 0 1.3186279867341 0.187970028887985 -0.474022622247227
A357 0 5.40157510253259 2.36746829131737 1.34622144889584
A358 0 1.22441782644001 1.05377245184359 -0.453936114084438
A359 0 3.50601009571241 0.970081274328616 1.20702582474172
A360 1 6.48163339641844 1.11295726575515 -0.159910912261353
A361 0 0.982666750159416 1.12735139495667 -1.12030614611766
A362 0 0.448989632925308 0.362532743762351 0.0500479712942325
A363 1 4.76291059886667 0.532487871134033 1.1891946219256
A364 0 0.553957831221343 -0.41832987768598 0.311076194374561
A365 0 0.97756053030781 -0.677641237016325 1.20918085948305
A366 0 2.2098518463819 -0.229298312265746 0.529084712591112
A367 0 0.571347684688005 0.161850010823633 0.5320979033962
A368 1 4.35754399330833 1.94599395105676 1.1979566672196
A369 1 1.94931175094523 -0.905904643801183 -0.606638737179097
A370 0 2.42614476031337 0.303788653417212 1.17162001094759
A371 1 5.35249876079169 1.61699415532884 -0.321398030683136
A372 0 0.943286083558825 -0.327509459848822 -0.368620196419913
A373 0 -0.31879889967467 -0.379509929060957 -0.113733004141244
A374 0 0.587564925024871 -0.477229054949387 0.508556099593053
A375 0 1.45680279286688 -1.22283110458342 0.682817950895981
A376 0 0.237143658639905 -0.999326566358922 -0.522616958482573
A377 0 3.23778891812897 1.92975943064705 -0.78150709551233
A378 0 1.23998622501799 -1.0156265853123 0.436686985963723
A379 0 1.9300593545641 0.301126115017149 -0.931303752771013
A380 0 5.28649586491467 1.69496768658864 2.1676675425924
A381 0 2.22878657351703 0.0193846108888865 0.5957402893658
A382 0 1.60979562590888 -0.348963314362011 -0.670049535323
A383 0 -1.34902486248301 -1.3817504102081 -0.052312315017706
A384 1 1.31911648117093 -0.000488272429828971 1.1575591256805
A385 0 -1.12077375140214 -0.231059755078865 -1.13427235786299
A386 1 1.21064113805091 -0.119870233164857 -0.969571248256456
A387 1 1.46698492799802 -1.72995399079914 0.334424515453266
A388 0 0.907967158859612 0.377465859169555 -0.370631635011457
A389 1 4.78101023236673 0.61246826422444 1.11898906639969
A390 0 3.26790750079058 0.395867284885645 -0.752029471355912
A391 0 2.15178115136581 0.148760520457564 -0.554113399288922
A392 1 4.35483876097047 0.122915766495884 0.124756347105531
A393 1 2.57557330504452 -0.928310215444038 1.10263103015386
A394 0 1.17007002071142 -1.55562548150841 0.20217046438412
A395 1 4.26992767050782 -0.170346422140127 1.8787050807726
A396 1 3.26714268782277 0.642095315468767 -1.69847975624012
A397 0 1.42370232110251 0.0319261039596425 0.559594537014133
A398 0 1.16340429713249 -0.522504016060046 1.43886850984087
A399 1 2.31388342721905 -0.660527646258961 0.741074391076993
A400 0 0.500332824619248 -0.528667052882468 -2.02753544531147
A401 0 2.10042406370491 1.91228158332764 -1.00694773079702
A402 0 2.90704812777712 0.973058870776692 0.350422916780769
A403 0 0.488795279511042 0.516578184477939 0.861379615952523
A404 0 1.39147679962854 -0.082637446930466 0.291743665516259
A405 0 1.26260757125995 -0.345073226506414 0.0320943464079603
A406 0 1.2101658980741 -0.722829460365549 1.25465749895831
A407 1 5.27046180302828 0.772966890316706 -0.244001564136286
A408 1 2.98104645440651 0.138257662092347 0.365463146011303
A409 0 0.753672790869667 0.226060485127632 0.0561666313877377
A410 0 -0.555295698903602 0.381124277748966 2.12921139388584
A411 0 0.0498980556168483 -0.806059372283132 1.31448697437114
A412 1 6.85895989213532 0.728655319508967 1.15746077111254
A413 0 -0.248280108688216 0.147486937253608 -0.64031925499697
A414 1 4.76436554586266 0.745301479429152 -1.14030776552955
A415 0 -1.63244220714086 -1.23641187814353 -1.62321048870409
A416 1 6.21527119068072 2.29297924137554 2.39738812792037
A417 0 1.83765142502441 0.512388178547463 -0.359183144246651
A418 0 2.94524562889546 0.0472974802224979 -0.476548422412215
A419 0 2.86517113201458 0.185828323367291 0.58562144811264
A420 0 1.02390074527991 0.722732783633462 -0.858777127281313
A421 1 4.35899350730537 0.529982867882726 0.994712660901342
A422 0 0.129326717015402 -0.251238314587091 0.0840481847299639
A423 0 5.05199754831202 2.21933267732166 -0.75084065032316
A424 1 2.61985123973832 0.124905123601887 0.420245833306512
A425 0 0.982251366011146 -0.301642387352076 -0.7613658078354
A426 0 -0.517088846329947 -1.52349377164208 1.52173507596222
A427 1 3.73678651530748 -0.831712729523795 -0.557112095106253
A428 1 2.99667230347935 0.233223528754106 0.182041794422217
A429 1 5.09971891457696 1.0388035095934 -0.0277910409099283
A430 0 1.82553428145926 0.935171110891064 -0.819944825637145
A431 1 2.21653838093804 0.158830907004863 -1.23454427369351
A432 1 3.4632578215519 -0.0780573156531749 1.03306212331601
A433 0 -0.567548603955239 -0.89833878676483 -0.882947667817869
A434 0 3.10566143887164 0.396131700254739 -0.162481928076117
A435 0 0.66030351324915 -0.116846858303385 0.313879203080037
A436 1 3.9792496728481 0.436951432243171 0.489684175710343
A437 1 4.48902237732928 -0.066512974739429 2.53488356303312
A438 0 -0.222104277979834 -2.60888827181655 1.1865955370154
A439 1 5.94449823197472 2.37248657259968 1.41821065511153
A440 0 3.3124285818442 0.42063306000572 1.9442227379672
A441 1 5.52844349127324 1.34199636771443 0.400508412135924
A442 0 3.74404225940146 0.528397767865779 -0.403500775292266
A443 1 5.22431865998619 -0.275533302497935 1.75286849399071
A444 0 1.68288553614402 -1.12928864386227 0.910792118552042
A445 1 2.23803148864748 -0.0098626808815261 -1.39075820897531
A446 0 4.05443315621849 1.42582380294397 -0.159155394841919
A447 0 0.168113525250998 -0.531860466376598 0.108301557523959
A448 1 4.37826509298868 1.15183938053285 2.05125580162051
A449 1 2.27614427712038 0.572013354638058 -0.470730106736942
A450 0 0.295120817258932 -1.11730726967264 -0.317072305015223
A451 0 3.69201425314164 0.481464972251657 -1.97210968598372
A452 1 4.51607721430734 1.02939560921847 0.0183531372156488
A453 1 2.99367237529359 0.607595799492281 -0.0905053415289786
A454 1 1.7177024259752 -1.24585301449869 0.75877054167034
A455 0 -0.194512251757711 0.506725207410516 0.234036974090282
A456 0 0.205963099948507 -1.1491680905973 -0.551300070033996
A457 0 0.749422315066448 -0.0371418823144926 -0.0863573450096918
A458 0 1.20770135591042 1.51981334010376 -0.821095118550953
A459 1 2.64722788578845 0.721705132023627 1.19779316201999
A460 1 5.18543051834742 0.330764425470681 1.10095642573875
A461 0 1.14128775257346 0.382030424267437 -1.28102240282053
A462 0 1.42460334106442 -0.950402967327414 1.69346472843017
A463 1 4.00034285850361 0.889233316781136 0.123412968391284
A464 0 -1.25276078111649 -1.63289754990032 -1.37420852947348
A465 0 0.867636897888166 -0.0357933090586674 1.9408074416655
A466 0 0.653579800503443 -0.45907234541138 -0.814564984433635
A467 0 -2.04375620552073 -0.992655427154006 -0.109356722081598
A468 0 2.51976123055223 0.228575650340207 1.15294822932355
A469 0 -0.159476130447324 -0.722583479123592 -1.18968442996773
A470 1 7.43447133115351 2.00895470383767 2.44269744837256
A471 0 1.19562376196428 0.553568288116527 0.628648985367079
A472 0 0.81794428201019 -0.590799444523962 0.532983620767335
A473 0 2.29922831117992 0.411918810981743 0.679597916357834
A474 0 1.23082627315633 0.225680041346485 -0.497666515367142
A475 0 0.108120031491596 0.435708536732757 -1.41025036726423
A476 0 0.482915034228168 0.290866270013385 -0.140460271576827
A477 0 -0.895381831300898 -0.490563242356285 -0.73354048607212
A478 1 3.36030952029439 0.371845803775192 -0.39324417201434
A479 1 1.58278340284283 -0.914040782734425 -0.749118480868477
A480 0 2.36275300036019 -0.330110006244631 -1.41696932515241
A481 0 3.88629458027746 0.400463769717183 0.835171239543188
A482 0 1.61869503896042 -0.0144815179989261 0.335602661767386
A483 1 3.39980423683348 0.410105230073163 0.0302513843704965
A484 1 3.3891130431785 1.36790358798649 0.102030985227897
A485 0 3.29983192941366 1.43771321148946 -0.652099925622286
A486 0 3.58484566731127 0.792653894726039 -0.530339102660387
A487 1 1.73056118050037 -0.507304646093806 -0.4508090247869
A488 1 2.16541350784038 0.494193872649763 -2.24941250614993
A489 0 1.23446782961975 -0.559987568915678 -1.71760906395989
A490 1 3.49671387871316 0.0578406091814026 -0.118653929537235
A491 0 3.96329173916422 1.34536963958466 -0.260259697801728
A492 1 3.49120885232826 -0.546545039899919 0.950965754392162
A493 0 1.92165211855408 0.462728128205574 0.224743266166635
A494 0 2.65969686319899 0.982565274755195 1.43926393141351
A495 1 6.31527510013902 2.62388742765705 1.04394028700247
A496 0 -0.0415647958926733 -1.16769829885153 1.33245144214128
A497 0 0.893747148317588 0.226429798421354 -0.872998052144875
A498 1 6.27539055596092 0.359520519074968 1.70669212927487
A499 1 2.29322025595727 -0.676201092561874 0.94096402537382
A500 0 0.921865123820047 -0.335881281974719 0.0657933987179404
A501 0 4.03118279936473 1.27648287197391 0.877927869920983
A502 0 -0.429455154117754 -0.293884093013023 0.244741693638056
A503 0 0.512854184786896 0.195145648573292 -0.892801860488411
A504 0 0.681920836523021 0.668685624181477 -1.11362322406623
A505 1 2.48883910904337 -0.766894606225235 -0.602223234459928
A506 0 0.630968089303327 0.185271364815893 0.457966498265836
A507 0 0.103828217420215 -0.343680133499634 -0.363478637837357
A508 0 3.14347176112521 -0.487549196577601 2.21202649124037
A509 1 6.54246519816655 1.74556348878917 1.99792824834532
A510 1 3.3771714930769 0.320675600351804 0.0959040802473279
A511 0 1.70610767876851 -0.625978276891948 0.411270028126932
A512 0 1.45466462589232 0.331819089374493 0.537813848401514
A513 0 1.96184110888412 1.04703816490824 0.0816365029864102
A514 1 4.83728878594849 2.33889083024363 -0.056397937149582
A515 0 0.587650314844313 -0.318982508410216 -1.1358535735599
A516 0 1.65151218593685 0.274409172318472 0.449151200405204
A517 0 0.635253275680008 0.307265713333476 -1.27589185282927
A518 0 1.54037413544611 0.499273037829989 -1.03737864608494
A519 0 -1.02041637957177 -0.926727666131203 -0.270965395734832
A520 0 0.167556478148465 -1.00242521662232 -0.309947000804291
A521 1 2.43515891641958 -0.202111669635127 -0.485466859017301
A522 0 2.47045616066857 0.37959316310415 1.1187285459426
A523 0 0.664413000166543 -1.34234159748121 0.372437201453459
A524 0 3.26271985257592 1.34999784081783 -0.0199059074310591
A525 1 3.20199309893564 0.526199905546202 0.872504608254347
A526 0 0.984729536346397 -0.08265614799819 -0.518852790216635
A527 1 6.33667770207587 1.20565795494733 1.60042040183722
A528 0 -0.908333353973536 -0.578180344102398 -1.44590331497736
A529 0 2.99229274951949 0.97091648712559 -0.135881621732307
A530 1 2.29763511898022 0.784539865601068 -1.21345705494289
A531 0 2.66551862599908 -0.225365321687104 -0.53262691279406
A532 1 2.31057804860385 -1.06100668886109 -0.0212155324942861
A533 0 0.460327216156374 -1.48243855338681 0.827300561392524
A534 1 5.18796323102977 0.696663303082349 2.02929781506399
A535 0 3.61196806654827 1.12205317226651 0.0313260096341473
A536 0 1.78464022587092 0.816966887038666 0.0940492233137604
A537 0 0.108698941538595 -1.05581580185206 -0.548090175239311
A538 1 5.57940975472919 0.847212020427863 1.51490499009191
A539 1 0.58619210647977 -0.837095293485657 -0.820304895417137
A540 0 0.472744090769945 -0.399758146247061 0.184462809197015
A541 0 0.717588767901013 0.219804595174419 0.323029617808657
A542 1 4.61599453553242 0.327636854413179 1.26475265169594
A543 1 3.8472140061333 0.729867671471259 -0.0628263857509544
A544 0 1.6465412276241 1.82648013075488 -0.821526698138571
A545 1 2.64361683079269 -0.610497387147048 1.19796688541229
A546 0 1.14272369079642 0.430829731999641 -0.186681746756952
A547 0 2.55953353229859 0.134308565170833 1.30826550785319
A548 0 -0.685809692907458 -1.20232545822579 0.552761776224228
A549 1 4.50556515222761 3.97326360064572 -0.280067149244261
A550 1 6.44650095685886 1.07560332285213 0.248016539703258
A551 0 3.1310673277833 -0.220844077135077 0.0274467239664424
A552 1 4.00042535443945 2.34190445402846 -1.15045825331213
A553 0 3.26749678235698 2.06340782292906 -0.0413052098646319
A554 1 1.8239087118269 0.106890047839743 0.291428538998369
A555 1 5.49500065291105 1.81330570509978 -1.26881557384254
A556 1 4.85997692042784 1.61749260481147 -1.93097032180029
A557 0 2.32522288652751 0.45122139947068 -0.787408807190878
A558 0 0.222622857095263 0.247722115758437 0.259325390279369
A559 1 3.7904873332024 -0.0271986140696443 1.43983551902608
A560 0 0.980197112085765 -0.951502234608144 0.813475367142334
A561 0 1.95465449081449 0.141343694668668 0.491687067904756
A562 0 0.424393024068753 -0.826710661848347 0.0532879043947565
A563 1 4.29766175658871 -0.197187505184427 1.8232356774025
A564 1 2.54685362538014 0.140881443003136 -1.04183434568275
A565 0 1.28145092886972 -0.716761432514761 -0.531364095551113
A566 0 -0.571656023881331 -0.900721101736726 -1.02080732129852
A567 0 3.80740955878211 1.31506199117232 -0.190327915014853
A568 0 1.48012207635239 -1.06453429588988 -1.00354245747877
A569 0 -0.298661275504326 -1.53228747965986 -0.0483391568350741
A570 0 0.619010365702493 1.24063495585641 -0.730043321501797
A571 0 0.384298416290282 -0.312133763999039 -0.0638402809102702
A572 0 1.22033374308583 -0.427580248923948 -0.888895965439243
A573 1 4.94984228673221 -0.140851125899045 1.56301030607424
A574 0 2.53437232260769 0.551765318182571 -0.599406541710634
A575 1 5.3051430761203 2.60285546475132 0.369108180167669
A576 0 -0.199022142474325 0.0682853089539476 -0.093818477562189
A577 0 3.0003526168235 1.4709763620388 -0.120743174739355
A578 0 3.41928071325417 0.946755242481787 -1.01758146654639
A579 0 1.32571894443349 0.19485067846704 1.32117068132987
A580 1 5.75444522312057 0.319241887823411 -0.179543888501192
A581 0 1.55462050815485 -0.499030733526452 -0.779256083863446
A582 0 0.13494549453896 -1.60798114288876 -1.29139954580362
A583 0 -0.821733197619532 -1.01093599551329 -0.0702948489886966
A584 1 1.75926746055155 -0.106093882872714 0.560916576395809
A585 0 0.788534701975086 -0.0149330340454266 0.46170566317894
A586 0 1.17253678596991 -0.681561099621992 0.991479836022423
A587 0 1.49875310258719 0.448439563443374 -0.896884209910904
A588 1 6.6357079909996 0.603855206536969 2.54986750727609
A589 1 4.43973119607353 0.623320172603426 0.17003566836888
A590 0 -0.0894633137168792 -0.530653123443119 0.629375588749386
A591 1 3.67672963650116 0.553823850566373 0.836355508396742
A592 0 1.52303045993725 -0.93073645952337 0.38631510120971
A593 0 2.1963580282207 0.317692590758143 0.2672959132225
A594 1 4.59833909191333 0.562932982572196 0.64799504846133
A595 0 0.171510566862567 -0.699762224956205 -0.156410792324623
A596 0 0.193313878724866 -0.237149498146414 -0.523985920912595
A597 0 4.05022297858561 0.299793428562117 1.52843668646274
A598 0 -0.602606882375261 -0.472538898473543 -0.202998414882719
A599 0 0.695520276105958 -1.27378740842783 0.0367309471775298
A600 0 1.46436486017234 -0.689084649856791 -0.118998344872422
A601 0 0.306081816930777 -1.01604592012601 0.0948114984847652
A602 1 4.6256031104996 0.680013189503506 2.03994052582169
A603 0 0.0140113842077911 0.800227870521793 -0.658005846748009
A604 0 -0.259141278999472 -0.622374431777719 0.047572690275742
A605 0 1.71608074352017 -0.675472174366321 -0.0986984809607557
A606 0 3.28782922051886 1.20905061240406 0.145523087352985
A607 1 3.24662891558707 0.56395464096973 -0.169748554219862
A608 0 1.05822723202228 -0.127238308742979 -0.475343587999818
A609 0 1.08235149169591 0.275582852870428 -0.0168890677628716
A610 1 4.11953273645386 0.77175173424518 -0.064880191552061
A611 1 5.0079913581069 0.200878696024553 1.60354700749522
A612 1 3.67536217151611 0.778745714198484 -0.226885214550246
A613 0 -0.57321227198475 -0.998845179142741 0.0667740277660596
A614 1 3.96656620212112 1.23102644199651 -1.29722115687041
A615 0 2.31826742447755 0.0994733192984907 0.0791397221463627
A616 0 -0.921120769226517 -0.763962773200813 -0.0583217589874922
A617 1 5.63871632371021 2.41373022750075 0.121775675517473
A618 0 1.79377681445743 0.165506488744103 0.960091586842943
A619 1 3.97625652596169 0.379124764474686 0.717214389797924
A620 1 4.93936168005124 1.22362268826826 1.85631861343254
A621 0 -1.08298361391569 -1.46213860945963 -0.384678885676318
A622 0 -0.292082329472886 -1.42963202578308 1.75873699971136
A623 1 4.48492664874284 1.36805534736332 0.418308291816544
A624 0 1.41419188005376 0.951727796696731 -1.05007157206292
A625 0 3.25369834681324 0.317098904063602 -0.271209272242955
A626 0 2.88305900597474 1.18513704207614 -0.368571915612856
A627 1 3.76249884784232 -1.10624085329473 -0.291946094262214
A628 0 1.81263555380221 0.539351430152978 -0.080563224032738
A629 0 1.21127100866266 0.71850569647656 -0.814816582387324
A630 0 0.610516375029933 0.09049478190465 0.339941503344266
A631 1 3.92547351215698 0.339319403777717 0.618799805049273
A632 1 4.42224286711467 1.17871746006965 0.989611112725173
A633 1 5.34724192693028 1.95011160473455 0.607857790354409
A634 0 -1.88579199463311 -0.272484160345384 -1.81278004999404
A635 0 2.321366515595 2.48724145596611 -2.85626660398833
A636 1 2.59188873597925 0.0168604822845002 0.11205181844137
A637 0 2.79707658246402 0.71450372406854 0.388822114460047
A638 0 1.74427952510741 0.741080337717222 -0.155748011350018
A639 0 -0.100579679726212 -1.15146040253686 1.07810248842972
A640 0 1.71023493444 -0.04331621893471 1.20063114913469
A641 0 -0.105664554733903 -0.446413505892485 0.373796552273507
A642 1 3.68601047867819 -0.831719544830061 -0.325464464246992
A643 1 3.05572040043206 0.0385340074184711 0.0142102500256901
A644 0 0.337952357879056 0.229917828594035 0.613029569067764
A645 1 3.15334444860347 2.1758988715833 -1.44367498425246
A646 1 4.66313605284224 -0.373301283153371 0.844295008782173
A647 0 0.39388242429207 -0.455928710586894 -0.687654590546734
A648 0 1.44261468004795 0.542940265009231 -1.06385473938412
A649 0 2.47770793928142 1.27989318360768 -0.0827266367453903
A650 1 5.74325009320013 1.48029840512576 1.17952221819596
A651 1 3.77096560498197 0.342565148913148 0.806865509689936
A652 1 6.04526100757047 2.33776484103173 -0.800985971010368
A653 0 3.45631642583545 -0.313344654649351 2.62245510493209
A654 0 -1.31141551085987 -1.83540789497188 0.104383499827272
A655 0 -0.970073532530772 -0.957833192928129 2.03772353430739
A656 0 -1.43778094114809 -1.87870304364023 -1.89491240995443
A657 1 3.46342922205714 0.446176007472071 0.605601765181723
A658 0 -1.26346556687609 -0.748378983181442 -0.891028888003589
A659 0 1.7132764114718 1.4753425566755 -1.07630926918521
A660 0 1.01954283322599 0.733775906551748 -1.06085006832049
A661 1 3.9805139743068 0.897465076003238 0.110738672873401
A662 0 1.56487148615694 0.534326047938344 -1.19044627708913
A663 1 6.00726070090206 2.35578969167284 -0.303647177092065
A664 0 -0.786011837070703 -0.74792672267919 0.718216845353249
A665 0 0.376947930025626 -0.197956888773462 0.697295794261396
A666 0 2.25851965935461 1.5434919580385 -0.865999677853742
A667 0 1.19699387307266 -1.05781613414053 0.554437335244104
A668 0 0.924070763297401 -0.420219773594409 -0.922424959957217
A669 0 -0.260772102778517 -1.27626353370455 -0.209357569533305
A670 1 1.71391337570886 -0.725562413015877 -0.791383248337132
A671 0 2.18506949797715 1.95864204332447 0.536852307748845
A672 0 -0.81739696745416 -1.41013397413585 -1.16930989309098
A673 1 3.84880348321679 -0.470271587225034 -0.178384729244488
A674 0 -1.86871735287298 -1.1992228262474 0.235010317027564
A675 0 -1.21932255282239 0.087365254497355 0.146610227256117
A676 1 3.2212674955559 1.12718160140431 -1.04696403339925
A677 0 3.21799574874311 -0.375519263652974 1.0035867227315
A678 1 4.69500879005994 0.755319028108046 -0.0284218543760235
A679 1 2.6413097501379 -1.2953543303133 2.03456991640184
A680 1 6.1397365061026 1.9833275305594 0.8538876144731
A681 0 2.58789940276936 1.23182962599155 0.27025294441146
A682 0 2.49201974440905 1.19060643231975 -0.395543005104158
A683 1 5.50675868619886 1.56570566194726 -1.6150665548127
A684 1 3.61955008653124 0.540187098201376 -0.33040933063427
A685 0 0.862207325492101 -0.743655441517195 0.734397799104344
A686 1 5.23954487139944 0.881964302401482 2.1070709859469
A687 0 1.88108835085754 0.394537595803475 -0.927048243590274
A688 1 3.73039692996206 1.13659915160783 -1.00974738928953
A689 0 -1.44312080814558 0.117655067962339 0.795447678314166
A690 1 6.65758080872342 1.35708264083687 1.32398799623336
A691 1 3.33535760655624 0.703958233859044 0.876039769474849
A692 1 5.21345837450313 0.549745292527969 0.685503028312654
A693 0 2.87188493449194 0.911224934228555 0.25106298408207
A694 1 4.63231726251021 -0.662601885225816 1.51805067385338
A695 0 0.70263982101908 -0.892469282640746 0.240336845284677
A696 0 -1.84096286983885 -0.031317806612682 -1.15104407018302
A697 0 1.30505712046262 0.20054577742382 -0.647898373978935
A698 0 3.27311963723378 1.16608114001958 1.51873656935307
A699 1 6.0975677417242 1.55354160815873 1.01160807345319
A700 0 -0.397438882913377 -0.427437311898393 -0.354322151936967
A701 0 -1.16526836918545 -1.30311513503265 -0.805458146268652
A702 0 1.29546477122989 -0.298865619329543 0.413316635088014
A703 0 0.702223464058592 -0.484544401061627 0.520447520828345
A704 1 2.46258149798482 -0.208973769502183 -0.145624015592076
A705 0 1.89980475080814 -0.066031927429721 0.349007242882827
A706 1 3.55057411869634 0.552096399509535 1.05048539122303
A707 0 1.11185570548983 -0.443346245306583 -0.215656587072695
A708 0 0.944810332816066 -0.652112176456964 1.00666977981829
A709 0 2.57118479144413 0.832007387747708 -0.542611528027149
A710 1 0.113753983556231 -1.46952321865972 -1.0035621352798
A711 0 0.837604372147215 -0.167253117953391 0.359192418232572
A712 1 4.15381404546036 -0.00711782711364682 -0.40752185270488
A713 0 -1.93030826549766 -1.45458220577196 -0.315399374821749
A714 0 2.57827647774155 1.1090723621533 1.23394016473367
A715 1 1.19356977809421 -1.52435331587869 0.295406354576215
A716 1 1.23493964509979 -1.09278751839065 -0.0701289628617401
A717 0 0.335693786148559 -0.324474398965626 0.330471315429624
A718 0 0.95351548628778 -0.43961614046715 0.449093500254495
A719 0 0.357256385357038 -0.795845374669597 0.11522520977221
A720 0 -0.190946925131231 -0.339885066352834 -2.21152503085197
A721 1 3.18185063856366 -0.964196676717754 0.882712314571149
A722 1 2.83397530853848 -0.342452623888035 -0.483424768880396
A723 0 2.42191839118404 -0.756287853391487 0.59695543569184
A724 0 1.46038128616502 1.88078541674986 -1.36353040917145
A725 1 4.82109348451286 2.02543761995095 -0.101917994388272
A726 0 0.875581515358943 1.81744303210496 -0.451479255239078
A727 0 -0.954800883353765 -0.552847604744482 -0.88817662219587
A728 0 1.55271556556786 -0.483096206113137 0.580274468375763
A729 1 4.17158121260636 1.37117648102651 -0.34302580410948
A730 0 -0.168822228554195 0.449304583482728 -0.349421155676234
A731 0 3.0171431455248 0.382291939105758 -0.646659689813564
A732 0 1.81921079849957 0.26386938791022 0.222828042427464
A733 1 3.15311381893811 -0.464339030254397 1.07141923098368
A734 0 -0.163693829095196 -0.971983918323087 0.558060289203942
A735 0 -1.87792518353964 -1.92554239019434 -1.19020291360222
A736 1 2.27398261667686 -0.907701530139945 -0.58293367880634
A737 0 0.721554751157098 0.816453478571889 -1.18765854822166
A738 0 1.62263504881314 0.200163258107611 -0.847453247034176
A739 0 4.16643468291603 1.60517357823969 0.708883522953377
A740 1 3.90719842830968 1.10460969684579 -0.542860981785493
A741 0 2.79588943024387 1.91316147108792 -0.625662610884869
A742 1 2.85504249970968 -0.780556768272147 1.96144993334876
A743 0 2.19775033272545 -0.389772902608056 -0.0595731597419205
A744 1 2.72400527990325 0.628012020377993 -0.457248344294895
A745 0 2.82373095774317 0.458449166095714 -0.477987482560198
A746 1 0.767248321322215 -1.34393954627468 0.198886671909329
A747 0 0.184700283860503 -0.31841489555812 -0.0280595366164711
A748 1 3.59393596409566 -1.40984279428545 2.11541762664429
A749 1 4.65379217550778 1.63344660222954 -0.849240185847022
A750 1 1.9709577013426 -0.546099289187591 0.403424076886338
A751 1 4.19711387183151 1.04566330257202 0.233102735250938
A752 1 4.92930340433751 1.13900173872606 1.45587343872636
A753 0 2.91410415699088 0.487898913690877 0.720163032179035
A754 1 5.62955625603311 0.848194698934617 -0.137683690038622
A755 0 -0.573486751756067 -0.546189521713324 -1.25030250623679
A756 1 4.84884941055158 1.07815939752839 -0.311141813966604
A757 0 1.77170271767033 0.00177624031477867 -1.95458579359767
A758 0 0.973782386786143 0.311060794516366 0.245993358750136
A759 1 2.01231757787619 0.2677971712092 -0.319839231332707
A760 0 -0.445049971281602 0.043565627938017 -1.03429547658568
A761 1 1.4054010183099 -0.938025263984197 -0.674813792359881
A762 0 -2.49221256831131 -1.61771878742061 -2.21693192680625
A763 0 0.66343477596082 0.741459593798303 -0.413168186501875
A764 0 1.50665532144408 -1.16134205990737 -0.872540712965709
A765 1 4.98552659742256 1.45553521746294 1.56428661462338
A766 0 2.37916144962372 0.746843751034687 0.0122869284411028
A767 0 3.98176520702733 1.24177655087955 -1.28136423246613
A768 0 0.332516189798119 -0.523508532908447 -0.696540186991166
A769 0 -0.360014567240838 -0.161881630483033 -0.462329252345068
A770 1 3.98709011562497 -0.344461658255538 1.11164672745216
A771 1 3.32923072516286 0.938589311372364 0.120336088793658
A772 0 0.0860750706856002 -0.0964465832879286 0.864034476137735
A773 0 1.03084994714579 -1.03348232115446 1.49874923200368
A774 1 6.12476311679007 1.48338447325223 -0.101930881121856
A775 0 -2.34211973409979 -1.52833005694393 1.08484196551512
A776 0 2.01644316129165 0.570417825895738 -0.93911494707612
A777 1 3.96042699093166 0.635849336505207 -0.224690136305644
A778 0 0.629385103619098 -0.492601414233864 -0.128033620864681
A779 0 0.378361205179879 0.481221004429599 -0.972279900637138
A780 0 2.97252539795435 -0.324260280131447 0.51522910070594
A781 0 4.69293604505234 0.249813916166896 -0.378962944627331
A782 1 2.187207084641 -1.6354618828586 0.383942702390335
A783 1 3.26929138430379 -0.186450604652343 0.153489538578115
A784 0 3.38785208755347 0.220556710135192 0.408343746278063
A785 0 4.4673135181596 2.10858302941852 1.06497770122802
A786 0 2.40320236602713 0.0912023172785232 0.0423521187060875
A787 0 0.572543779626823 -1.26840628251825 1.72071360568487
A788 0 0.99176097400968 0.180716963406351 0.723523081940649
A789 0 2.6837369147556 1.4137566291462 0.554418602879114
A790 0 0.687524915192505 -0.652178294540915 -1.58568927238986
A791 0 -1.60940401979538 -0.0486843686039986 0.0280104986287272
A792 0 3.63860795784263 0.727227926929958 0.336043274704345
A793 0 2.49914545644744 1.66838796498786 -0.31725390763576
A794 1 1.01763640818815 -1.50199415567034 -0.332993485033253
A795 0 1.67658573503985 1.43589644198215 -0.0812068684409935
A796 1 3.70151233067885 0.617279928039407 -1.42065986528757
A797 0 -0.492380189060554 -0.419386363171584 -0.74770131442945
A798 0 -0.797008512763156 -1.40018264057471 0.441746421039904
A799 0 2.04211491425223 0.407641382357931 -1.88484334356732
A800 1 4.28796856544068 -0.464746698881856 0.256570685232444
A801 0 1.85384514076426 -0.489709793028085 0.665139374391665
A802 1 4.76576915070505 0.137017941832899 -0.100589509553691
A803 0 1.52434163113828 1.24004001740411 -0.313809491576723
A804 0 0.605887316423181 -0.947843832577043 0.0962614094472267
A805 0 2.69991031291698 0.337573188245502 0.56321396605976
A806 0 -1.20214304037891 -0.603951417072933 -0.1071222938193
A807 1 5.894576032296 1.79864659075464 0.335419620690192
A808 0 -0.946180380190899 -1.99500097077619 -0.692480483884602
A809 0 0.447275755364092 -0.0773939206293272 -0.876353621029286
A810 0 -0.501781421524982 -0.287081032704542 -0.64665706690911
A811 1 5.32643348162603 0.784074783449766 1.34264798869188
A812 1 1.68871278972112 0.631725064282915 -0.0278391161096385
A813 0 1.82103572346205 0.489540131761489 1.35152558410028
A814 0 0.150389596412343 -2.07924578399768 0.5382669878087
A815 0 0.881968987123212 -0.622749887810685 0.47649432128752
A816 0 -0.277008906726308 -2.30919337166191 0.702839891522476
A817 0 1.31917668945358 -0.786435288451047 0.651517925997872
A818 1 5.95246358314425 0.761839175478484 0.0578150285498748
A819 1 3.03635714982958 -0.369296790093218 -0.494272933127328
A820 1 3.12825820609277 0.938294735399832 0.44468195584239
A821 0 2.21924057450279 1.52023761141722 0.460149864335154
A822 1 3.45153813982466 1.35253383012906 -0.456866750316319
A823 0 0.652572229685025 -0.11419453751419 -0.085917656609187
A824 0 2.35500419400866 -0.74348466394083 1.51199941062734
A825 0 2.95430946989849 -0.3208833302483 1.75703079786362
A826 0 -1.27340922846614 -2.68081780337873 -0.573788654844342
A827 0 0.724497491373565 -0.635737754014662 -0.0555072705541817
A828 0 0.720596332596657 0.133341073714595 0.54604338906102
A829 0 1.90229598238406 -1.10452662189631 1.49703325202333
A830 0 -0.130412295477964 -0.797721885808767 -1.82462746536912
A831 1 2.50546839580399 -0.0345053764396366 0.311667214512795
A832 0 -1.84022716443187 -0.721565277641165 -0.53786578671315
A833 1 3.13362263243653 0.413448103836851 0.0443501630240373
A834 0 -0.589467177858147 -1.73002622410691 0.34072951750787
A835 0 0.530640718252869 -0.160965711196162 -0.678023377205211
A836 0 3.90251378566506 2.19923261221671 0.566808323635004
A837 1 4.70523376201754 1.34165278411355 -0.600627537869255
A838 0 -0.193684425399721 -1.62902221275939 -0.821292121519961
A839 1 4.55130646224274 1.42811925737976 -0.0453725520351908
A840 0 0.673475907398377 -0.651168380641395 -1.75948279013213
A841 0 0.937375949226376 0.148367811304274 -0.572349501647714
A842 1 5.35391585192485 1.54934259727283 -0.213759058523279
A843 0 1.01510943132177 -0.700869250056299 -0.208383963805423
A844 1 2.6704155671249 0.196875743432674 -0.699987255919314
A845 1 1.6499957101319 -0.64657789320204 -0.0287015618825553
A846 0 -0.766522745279467 -0.97588173831284 -0.638895804255837
A847 0 4.26732185092986 1.92651222353984 -0.77982869675459
A848 0 0.109875496736606 -0.380953870443106 0.518762063199418
A849 0 3.16309831941701 -0.39912195953281 -1.08505566950937
A850 1 5.63523862846001 0.475827402307324 0.685288810233317
A851 1 4.35553910677913 1.29297761695956 0.601075445488651
A852 0 2.89689794826606 1.08474114104043 0.588933314375258
A853 0 -0.536275547935014 -0.634764599300922 0.662825512702038
A854 0 1.61969867675889 1.6003489167208 0.439480340137805
A855 0 1.97799058928563 -0.407496696942111 -0.130895645943843
A856 0 3.19915187145773 1.69178784991386 0.733943512782196
A857 0 4.23257603497612 1.48586729415671 0.332965976418286
A858 0 1.25943569286384 -0.195294205698855 -0.491528999416996
A859 0 2.80136609633524 -0.212679555850973 2.15980008670811
A860 1 2.60423156451739 0.0348482062700551 -0.565549182740079
A861 1 6.35250362727456 1.73347444768941 2.40019635672637
A862 0 1.51951305202124 1.26777734893399 -1.91240301753308
A863 1 5.85537243826799 0.707235729775101 1.01005661116218
A864 0 -0.55851998448204 -0.673151683929852 1.08161711065141
A865 1 2.91888077513984 -0.291839352529513 1.53079075801267
A866 0 2.16486576612558 1.72863515457755 -1.36654484940252
A867 1 4.15572974223152 0.208631110792701 1.46661330543792
A868 1 3.84211887669047 0.571671031853653 -0.356676813890185
A869 1 1.3670721874067 -1.46560845469447 1.40478681368195
A870 1 1.56754294828965 0.526488108291339 -0.83686833304557
A871 0 0.0973780836982912 -0.057606868333268 -0.128129963972607
A872 0 -0.162151289889297 0.333104984317349 0.153533657620823
A873 0 2.45229262081516 0.548856768668686 0.141654861649158
A874 0 -1.25298622842586 -1.26139554914175 -1.95042812034164
A875 0 0.826950656340348 -0.358494328473701 -0.726978368043442
A876 1 3.78422683795687 0.225628086456103 -0.559863533301029
A877 1 4.53220457306665 1.91550277153436 -0.688415353338668
A878 0 1.30885022137109 1.01312018480526 -1.52571950269026
A879 0 0.609866022982987 0.522196967973566 -1.71822459488461
A880 0 1.69163432424587 0.828045658805955 -1.51392396209026
A881 0 0.720966293799072 0.534350157414011 -0.303117348422904
A882 0 1.18635233976878 -0.303474225084833 -0.409785557218784
A883 0 1.57084283144488 -0.122342730040754 0.465743216158766
A884 0 0.778695955314546 -0.841356782188383 -0.048264159417009
A885 0 -0.193950233535339 -0.0536057566353681 -0.360562443112337
A886 1 3.14241832314036 -0.190786875287318 0.878955847596917
A887 0 2.15997131503953 -0.0474248314663723 -0.568132806748203
A888 0 -0.858053736912565 -0.93918694152685 0.133297038314495
A889 0 1.44338929798888 0.646798153724537 1.19485646198403
A890 1 3.1042738713427 -0.276834142519395 -1.28725218848513
A891 1 7.8102039195454 2.03860937258377 -0.174779325636504
A892 0 1.85178599592774 0.67400959282492 -0.598976728857238
A893 0 1.8993660430376 -0.0167524734473863 0.202722073027418
A894 0 1.78547359309922 -0.529914926837932 0.114858977996847
A895 0 0.0791738050590398 -1.88745955989649 -0.269873564862339
A896 0 -0.836165013214733 0.142353184296336 -1.46818278785576
A897 0 1.24667252137242 -0.841578569339828 -1.48842353671628
A898 1 4.17639977489266 0.619845993996755 0.482909070323282
A899 0 0.286217176050016 -0.602054269949919 -0.713088950394757
A900 0 1.69372713144634 0.258465176167488 0.223772273963572
A901 0 3.64186760397849 0.869924460312173 0.312782401527164
A902 1 3.01511347642901 -0.105048809898599 -0.147933443031076
A903 0 2.84264445510226 1.58351355298518 -0.290358533403103
A904 0 0.398705209946481 -1.2457555782631 -0.795834642354098
A905 1 3.81931111660925 1.03027588225982 0.747687504880604
A906 0 1.64871873622191 2.52781488518692 -0.673860658125459
A907 0 2.03797572640961 0.0075241534070285 -0.470248082067457
A908 0 1.72373108918594 -0.148446754691122 -0.109902559953567
A909 0 1.61110643840881 1.07915477749871 -0.0404526313953626
A910 0 -0.64448857209358 -0.620732579658216 0.770597343166949
A911 0 1.82067142110723 1.33002385058279 -0.326166935808015
A912 0 1.04196251777014 -1.20806695258457 -0.139639939592468
A913 1 4.68347553616607 1.15810257680745 0.0102122743255455
A914 1 1.85102839407773 0.0487577345847652 0.920757266379883
A915 0 1.27425638836039 -0.352264366690302 -0.149188955653875
A916 0 1.00011670973027 -0.0784539080673365 0.0600368965816096
A917 1 3.94101023898026 0.957724330814053 -0.601533408650905
A918 1 6.63805551882547 2.28117106645957 1.33209059826854
A919 0 1.15020462681386 -0.206385601924293 1.13181538481314
A920 0 -2.20909292030338 -1.2185391469697 -1.04633799238339
A921 0 0.0655425496440396 -2.13771310445273 1.0362589060978
A922 0 -0.776899725464869 -0.904445345978506 -0.47081847246691
A923 0 2.39426336502639 0.579767055418117 0.696982907110414
A924 0 0.749353996536922 -0.262049803293478 0.570064044471491
A925 1 4.86568790452755 0.211711198730068 0.401028164682306
A926 1 3.11260315709582 -1.68303939735371 2.9555131733822
A927 0 -0.89436965876491 -1.00714582399481 0.26168301942066
A928 0 -0.0154593788978184 -0.364252830920579 -1.42612843200587
A929 1 1.40349718774327 -1.03777561399497 0.583921929415678
A930 1 1.2882918037396 0.0271684006596195 0.470873226594748
A931 1 3.28912551286577 1.24137135065492 -1.70120480337066
A932 0 1.14665956978889 -0.843989863528157 -0.112260186252896
A933 1 3.16724393732647 0.805752870469055 0.534188192123295
A934 1 4.31140327835102 -0.916908664121166 1.33271424635271
A935 0 2.52527933120739 0.787167724393574 0.198893725745937
A936 0 2.03310064778198 0.67894332634478 -1.75458147674146
A937 0 3.60752434812601 0.149605442845448 -0.460867240015488
A938 0 1.3493027436046 0.551631939548482 1.96791332014134
A939 0 0.836613210228633 -0.745230433463321 0.849259661319488
A940 0 0.670392470343459 -0.493764240164491 0.697461849588498
A941 1 4.28367615970504 0.310822433402675 -0.350319196600278
A942 0 4.8760990591938 0.485115935951575 -0.309435996626966
A943 0 2.22511318300099 1.08097046657057 0.629275341108639
A944 1 4.82669235886104 0.571460157158164 -0.607248820490711
A945 0 -1.00962493883058 -0.844781828640106 -1.18472420599853
A946 0 -1.44923144827111 0.656391437390385 -0.943705834275824
A947 0 1.11652850082382 -0.550706016273403 1.78770445919039
A948 0 -0.166190245888221 -0.528508873231586 -0.819937885885373
A949 1 2.70287814795217 -0.114457176871662 -0.695110453954912
A950 0 -1.08374811390169 -0.461731005624122 -0.744374038682936
A951 1 6.1378208562088 1.31860425365221 0.842106004851588
A952 0 0.669449973553262 -0.229822988226858 -0.178751446369552
A953 1 5.00748563156308 1.62683011763512 0.100888219648111
A954 0 2.70247134585753 -0.799477027827247 0.415761641345536
A955 1 4.57376473650319 1.02880652818579 0.0500964610696054
A956 0 1.79449521244146 -0.0314103850369329 -1.23761363673175
A957 0 1.82061751741956 -0.54670671995599 0.387889435801915
A958 0 1.67495757917739 0.203063221834915 -1.00246687138087
A959 1 -0.135564773532222 -1.53384202062684 0.429949864066
A960 0 -0.0636998484509826 -0.739465304819946 0.694319764234866
A961 1 3.80665305521475 -0.869390587560247 0.89346528172287
A962 1 5.51945789881982 1.50874940594239 -0.222037429477203
A963 0 0.319683042675924 -0.752317253747825 -2.97194437899917
A964 0 1.75791049061393 -0.230978018471709 -0.575225468111133
A965 0 1.42284047230263 -0.912174267314739 0.965561311412825
A966 1 4.90757473036882 0.595203029516517 1.99634783963058
A967 1 5.22453361669975 2.00460151424923 -0.762207072968054
A968 0 3.5169927202463 0.367562003507485 2.41694689088205
A969 1 3.36163102853586 1.03332209513273 -0.382022693759584
A970 0 0.884448066067662 -0.134964603119384 0.106037037445286
A971 1 1.65488533614324 -1.4230717041482 -0.326582261149498
A972 0 1.08930910638324 -0.489236416992535 0.524031459806453
A973 1 3.49262754156539 0.946874227073457 0.944979337253446
A974 1 4.88815693531235 1.36654356773811 0.988613101027828
A975 0 1.2789202031941 -0.683277281288068 0.975664727797253
A976 1 1.9647400549552 -1.49640948531974 0.0680389979704882
A977 0 1.43638188908104 -0.978067536268615 0.488878160065178
A978 0 2.07647077529886 -0.175288201996677 -0.591451709227124
A979 0 2.59126002947521 0.983121348607822 1.02710493011586
A980 1 4.05339203556957 0.640885098534452 1.20893522896343
A981 1 4.32503024763825 1.09072272748168 -0.632460586708085
A982 1 3.43106712145206 1.06924881108803 -0.24449190300914
A983 1 5.5463925787939 0.775915593113472 1.28437397612446
A984 1 8.73030736731747 1.92850002744782 1.70810041939686
A985 0 0.23843117014197 -0.56917182741063 -0.262076059304478
A986 1 5.24173114860215 1.06788085145194 0.856307570733186
A987 0 -0.775658309274984 -1.070748446018 -0.123635860102477
A988 0 -0.0297280699387768 -1.00951322146368 -0.803954501844905
A989 0 0.589330925311637 -0.558183663121911 -0.344343779529638
A990 1 5.77029360583023 -0.131463863494011 -0.0950901087407466
A991 0 -0.0719617102973836 -0.30062095595203 -2.70746354034232
A992 0 -1.40360364026772 -1.61448146221022 -2.69832173689902
A993 1 5.85296109279102 0.615175313797679 2.09575422228721
A994 1 5.54003556105853 1.95210144782541 -0.0727636831015628
A995 0 0.98280755161789 -0.516979677735431 0.412579035201519
A996 0 3.66819982568109 1.19939503660492 -1.4781046104454
A997 0 -0.741470921630646 0.118172573598171 -0.431288232800686
A998 0 0.155641032414727 -0.183462158485149 -0.706456332004281
A999 1 1.34187811331642 1.3525768847988 -1.57008572642279
A1000 0 2.87732615030574 0.757787516425879 -0.243530424315441
A1001 0 2.67547379478416 1.27546685647882 -0.274915226946985
A1002 1 1.6938975097898 -0.153328935350512 -0.745637488970643
A1003 1 2.77638520057774 0.241887372893435 0.414931659453591
A1004 0 -0.356787561085575 0.269280390148491 -1.3613526792595
A1005 0 2.28535264338074 1.50587557781982 -1.14886032117763
A1006 0 1.13589816253917 0.114762278502296 -0.301073680677251
A1007 1 2.75105294509085 -2.04601866148539 2.14334350892222
A1008 0 2.38322645185167 0.327654242695235 -0.433338194862339
A1009 1 4.94602652616977 1.6139059002452 0.402636697438737
A1010 1 7.281628415991 1.07846425928094 1.85392753058713
A1011 1 4.45706321261314 0.719134374353703 0.0343933751731452
A1012 0 0.34484138017213 -1.28228628035637 0.20040806422209
A1013 0 0.612132855145937 0.79812639934349 -1.49031114941861
A1014 0 0.98884837996241 0.500006198527107 1.09790679458276
A1015 1 3.76397251085936 0.0226519573904623 0.144538105208844
A1016 0 1.43068844043565 -1.39378760640742 1.03966365595706
A1017 1 2.00007333121182 0.749254732751001 1.0922765482031
A1018 0 1.41550519067788 0.0449813374121565 -0.854569173184835
A1019 1 0.908123071140733 0.699403523792739 -0.320381044897346
A1020 0 3.03698297296802 -0.357381007116451 -0.562844638789773
A1021 0 -1.49092835743231 -0.760305485570932 -1.13926472427938
A1022 0 2.12204880239819 0.480443107088763 0.846403709506181
A1023 0 1.35435498901146 -0.0338216331927122 -0.597783472073916
A1024 0 -1.60409324713738 -1.43195222018269 -3.09828405428808
A1025 1 1.55374686405952 -0.405705603957785 0.66238772831397
A1026 0 1.35568670795402 -0.18520016607351 -0.91232357552618
A1027 0 2.43337263844849 0.382127818818235 -0.294876907790264
A1028 1 4.569835034328 -0.0744995835266682 0.660420962952197
A1029 1 4.96179447621784 0.492419656561195 0.533467675348582
A1030 0 2.87689550731739 2.34311423818194 -1.21478147872527
A1031 0 -0.318576841241245 -0.36512594665508 1.21831839984505
A1032 0 -0.0782684648475747 0.311503898368775 -1.20126379659522
A1033 1 5.0916528142499 2.40979086174267 -0.706046315043247
A1034 1 4.58337832848356 -0.169304215896376 1.52199043292501
A1035 1 6.08367343499953 0.83421773496398 0.325510103861104
A1036 1 2.65897682734656 -0.362030144789753 -0.377059611680858
A1037 0 0.412685505168491 0.634683445263157 -0.525969923139073
A1038 0 2.35891852615187 0.659814201150829 1.09144883608962
A1039 1 3.21686957021386 1.23565162493677 -1.27846943621358
A1040 1 4.34301910444188 -0.509287223570711 0.490934213602585
A1041 0 0.0823860241864555 -0.910912720872253 -0.924146259508826
A1042 1 4.71265970332736 1.1828639982206 0.645511679572827
A1043 1 3.28278282649396 0.245136524214988 -0.85901281831215
A1044 1 5.56625774649349 2.91866295764355 -1.22334317196903
A1045 0 2.52418393349303 0.567628422441472 0.556152226606697
A1046 0 1.56922224994688 0.528841685619096 -1.57588562592501
A1047 1 5.33834809178134 1.03055358361529 0.925232022004248
A1048 0 2.22677765332851 -0.00534536920920511 -0.572239256755464
A1049 1 3.80314367351838 0.617919570548288 0.556846950732346
A1050 0 0.493885457595434 -0.71190864139863 1.23197434799365
A1051 0 1.37200246615988 0.0659704099578283 -1.09580537983331
A1052 0 2.60897650065823 0.0968482446828998 -0.562865404677612
A1053 0 0.906013164430985 0.186600686681994 0.233312045791174
A1054 0 2.55675264349311 0.738420360573105 0.93404847964636
A1055 0 1.65464280679152 1.42257793614595 0.11806756451148
A1056 0 -0.206794899746834 0.80210620692605 0.111154013829856
A1057 1 3.68097833738298 -0.0207169215501172 -0.17816431614481
A1058 1 3.99242574260497 1.58716973259674 -0.770022271150725
A1059 0 -0.173341506570927 -0.618508412644716 0.841176219914427
A1060 1 3.17054280298913 1.29288478119472 -1.04625410758433
A1061 0 -1.91049309931033 -0.520463134315809 -1.25041433366864
A1062 0 1.84358464681981 0.348099285329832 -0.780053971494138
A1063 0 0.391323242944437 -0.732863044662589 -0.89205086939224
A1064 1 1.72606734913971 -0.760825745461351 0.919794027728781
A1065 0 3.27928452080344 0.761844160814847 -1.07678446142964
A1066 0 1.77090920800799 0.543986634355252 -0.577420856618465
A1067 0 1.96477995287968 -0.509294673426083 0.799822082607743
A1068 1 2.94076789906143 1.26349745820077 -0.10134440662323
A1069 1 4.50029708516236 0.628651377714425 -0.0572967882612526
A1070 0 3.88507046861695 1.18418439114123 0.548199238655006
A1071 0 3.38024620404331 1.63230802025074 -0.0464003776555171
A1072 1 4.08633489008514 0.552908750265575 0.64335054217563
A1073 0 1.31436572800199 0.350321319818087 -0.802119436808912
A1074 0 0.845929662965093 0.0578190330721093 0.141416682836865
A1075 0 -0.73312455415016 -0.599950927476967 0.938323688192279
A1076 0 -1.01504849908755 -0.101716730324197 0.636048263493201
A1077 0 2.33848682067824 0.57620540743208 -0.900464167142761
A1078 0 2.69652502441787 0.116699478314902 0.94793069687583
A1079 0 1.43289126461741 0.607104792388445 -0.613658210879676
A1080 0 1.61072551543881 -1.78250907141079 0.9151660237246
A1081 0 4.738766181089 1.70588913319299 0.172849210539361
A1082 1 4.16971070537595 0.195168997425044 1.06047744074939
A1083 0 -0.861432250695758 -1.01708025320757 -0.124504779812981
A1084 0 2.81467551834936 2.43975274087899 0.622823962967584
A1085 1 4.79722198558077 1.09562870995871 -0.0483447340267834
A1086 0 2.59989855084147 0.58272450160578 -0.588539160168621
A1087 0 1.49656346022463 0.113596964451387 -1.24995374176814
A1088 0 4.12955220501781 0.438119335821825 0.721830287486759
A1089 0 1.73597051245455 0.771964608029165 0.695537960521013
A1090 0 0.48058765504422 -0.554761652704069 -0.32161503336238
A1091 1 5.69072699268049 0.995370849885282 3.10521036747486
A1092 1 3.77252994462884 0.88419625001733 -0.280454565328942
A1093 0 1.67328326890118 -1.78018421199034 -0.398904093506689
A1094 0 -0.93197293816223 -1.0589123838445 0.266171866448772
A1095 0 -0.899764395832876 -0.0766330169648011 -0.398935693891352
A1096 1 7.35193243632712 0.819214810363318 2.03724910695551
A1097 1 4.53747777009749 2.36031971593073 -1.25641845680623
A1098 0 0.354082187150041 -0.85503785280685 -0.875144921333144
A1099 0 -0.0146918498783581 -1.57398624533981 0.0800440831880578
A1100 0 1.75990059276293 0.0260989119372031 0.201068109525906
